1.367000000000000000e+03 8.398539119584129367e+02 8.398537225338728831e+02
1.867000000000000000e+03 9.212454435492525135e+02 9.212455686171614389e+02
2.367000000000000000e+03 9.772001867419606924e+02 9.772005300941588075e+02
2.867000000000000000e+03 1.023575493153301409e+03 1.023575838814440317e+03
3.367000000000000000e+03 1.063755018153207857e+03 1.063755310128680549e+03
3.867000000000000000e+03 1.099354241780305983e+03 1.099354692009743530e+03
4.367000000000000000e+03 1.131331835197100872e+03 1.131332258287533477e+03
4.867000000000000000e+03 1.160326284715715474e+03 1.160326478227281314e+03
5.367000000000000000e+03 1.186795406726825604e+03 1.186795422505192846e+03
5.867000000000000000e+03 1.211085648190439997e+03 1.211085096034251137e+03
6.367000000000000000e+03 1.233467093303782804e+03 1.233466930734977268e+03
6.867000000000000000e+03 1.254159954980692646e+03 1.254160078723494507e+03
7.367000000000000000e+03 1.273345300932224973e+03 1.273345488409162499e+03
7.867000000000000000e+03 1.291174599397882730e+03 1.291175206735820893e+03
8.367000000000000000e+03 1.307779202676811337e+03 1.307778731313677326e+03
8.867000000000000000e+03 1.323267290526852321e+03 1.323267417556691953e+03
9.367000000000000000e+03 1.337737004803153013e+03 1.337737474592480794e+03
9.867000000000000000e+03 1.351271468329996878e+03 1.351271724587270000e+03
1.036700000000000000e+04 1.363940113912325614e+03 1.363939818114814898e+03
1.086700000000000000e+04 1.375795296979338673e+03 1.375795409813622200e+03
1.136700000000000000e+04 1.386864549416797445e+03 1.386864600973361121e+03
1.186700000000000000e+04 1.397104935811344376e+03 1.397105196464374330e+03
1.236700000000000000e+04 1.406386371673884696e+03 1.406386341242444360e+03
1.286700000000000000e+04 1.414905568485617550e+03 1.414906490566778757e+03
1.336700000000000000e+04 1.423038021258223125e+03 1.423038016923840814e+03
1.386700000000000000e+04 1.430957269959352743e+03 1.430957169076388254e+03
1.436700000000000000e+04 1.438677063002199020e+03 1.438677425846764891e+03
1.486700000000000000e+04 1.446139067601844999e+03 1.446139245471193135e+03
1.536700000000000000e+04 1.453306969444547576e+03 1.453307970113432020e+03
1.586700000000000000e+04 1.460179401869830372e+03 1.460180128201373918e+03
1.636700000000000000e+04 1.466767734469462539e+03 1.466767919001605151e+03
1.686700000000000000e+04 1.473090589975410239e+03 1.473090461227651531e+03
1.736700000000000000e+04 1.479169281377738344e+03 1.479170013586893447e+03
1.786700000000000000e+04 1.485029731634168684e+03 1.485030403051432131e+03
1.836700000000000000e+04 1.490695946817802906e+03 1.490696408591206364e+03
1.886700000000000000e+04 1.496193375838304291e+03 1.496193578349736072e+03
1.936700000000000000e+04 1.501548153225940723e+03 1.501548243894304960e+03
1.986700000000000000e+04 1.506786928866988546e+03 1.506787592533063616e+03
2.036700000000000000e+04 1.511939475185810807e+03 1.511939658414205041e+03
2.086700000000000000e+04 1.517033863204616864e+03 1.517033005016495053e+03
2.136700000000000000e+04 1.522095721453293663e+03 1.522095645095043210e+03
2.186700000000000000e+04 1.527152331938356156e+03 1.527152052549118025e+03
2.236700000000000000e+04 1.532211770519808624e+03 1.532211887677157392e+03
2.286700000000000000e+04 1.537155471899184704e+03 1.537155872834894808e+03
2.336700000000000000e+04 1.540696643548994416e+03 1.540696530569769948e+03
2.386700000000000000e+04 1.544162156853838724e+03 1.544162241430492486e+03
2.436700000000000000e+04 1.546445763552538438e+03 1.546444960236655561e+03
2.486700000000000000e+04 1.547545074860047862e+03 1.547545644826042462e+03
2.536700000000000000e+04 1.548007943543381089e+03 1.548007619618533681e+03
2.586700000000000000e+04 1.548526886296105204e+03 1.548527328175150615e+03
2.636700000000000000e+04 1.549198500066226643e+03 1.549198278711414559e+03
2.686700000000000000e+04 1.549894225770983667e+03 1.549895099811830960e+03
2.736700000000000000e+04 1.550512745782059255e+03 1.550513300724925784e+03
2.786700000000000000e+04 1.550990655709217663e+03 1.550990488930457104e+03
2.836700000000000000e+04 1.551296865520263282e+03 1.551296547213941949e+03
2.886700000000000000e+04 1.551427772184593550e+03 1.551427722263163560e+03
2.936700000000000000e+04 1.551412239442548525e+03 1.551412761669938163e+03
2.986700000000000000e+04 1.551352524935118936e+03 1.551352943317739800e+03
3.036700000000000000e+04 1.551636454870825446e+03 1.551636520836843602e+03
3.086700000000000000e+04 1.554851286275967595e+03 1.554851282040324350e+03
3.136700000000000000e+04 1.555765377015719650e+03 1.555766103074894772e+03
3.186700000000000000e+04 1.555352549674294096e+03 1.555353020421498059e+03
3.236700000000000000e+04 1.554619772527805935e+03 1.554618850614440362e+03
3.286700000000000000e+04 1.553908325394962958e+03 1.553908635245263667e+03
3.336700000000000000e+04 1.553126782343849982e+03 1.553126229767918630e+03
3.386700000000000000e+04 1.551848069625852077e+03 1.551848767841315521e+03
3.436700000000000000e+04 1.549786697419152460e+03 1.549786054891811773e+03
3.486700000000000000e+04 1.546767662943654159e+03 1.546766947063389352e+03
3.536700000000000000e+04 1.542586494002278187e+03 1.542585609637197877e+03
3.586700000000000000e+04 1.537033587184817861e+03 1.537032204140858539e+03
3.636700000000000000e+04 1.530803035885886402e+03 1.530802860753570712e+03
3.686700000000000000e+04 1.524690285788891970e+03 1.524691050457758365e+03
3.736700000000000000e+04 1.518470735471918488e+03 1.518470681931895342e+03
3.786700000000000000e+04 1.511784959139366038e+03 1.511784205292431125e+03
3.836700000000000000e+04 1.502541572571951747e+03 1.502542168969524482e+03
3.886700000000000000e+04 1.494291247106213405e+03 1.494290784106372939e+03
3.936700000000000000e+04 1.486484286305122623e+03 1.486484942789935758e+03
3.986700000000000000e+04 1.478742697505629621e+03 1.478742050959352582e+03
4.036700000000000000e+04 1.470584899383756920e+03 1.470584779265614770e+03
4.086700000000000000e+04 1.461098769791753739e+03 1.461098512654529259e+03
4.136700000000000000e+04 1.450958085748859503e+03 1.450959166932112339e+03
4.186700000000000000e+04 1.440431895276971318e+03 1.440431968762426095e+03
4.236700000000000000e+04 1.430039704006791453e+03 1.430038780029875170e+03
4.286700000000000000e+04 1.417766292187848194e+03 1.417766026989665988e+03
4.336700000000000000e+04 1.402966717761038581e+03 1.402966295520334597e+03
4.386700000000000000e+04 1.387484377701039875e+03 1.387484266956971624e+03
4.436700000000000000e+04 1.370782628953089898e+03 1.370782552708790490e+03
4.486700000000000000e+04 1.354611377631344794e+03 1.354610417206750526e+03
4.536700000000000000e+04 1.337809011040828182e+03 1.337809044232944871e+03
4.586700000000000000e+04 1.320193604292601322e+03 1.320193999742299638e+03
4.636700000000000000e+04 1.301623335030363023e+03 1.301623875044486113e+03
4.686700000000000000e+04 1.281953369120033585e+03 1.281952955997807067e+03
4.736700000000000000e+04 1.261021798411197324e+03 1.261022119229464124e+03
4.786700000000000000e+04 1.238651185568410256e+03 1.238651924474680527e+03
4.836700000000000000e+04 1.214634558995649513e+03 1.214634372173411066e+03
4.886700000000000000e+04 1.188721194600806029e+03 1.188721562192360580e+03
4.936700000000000000e+04 1.160608535012552920e+03 1.160608845385236464e+03
4.986700000000000000e+04 1.129908668064191033e+03 1.129908066925507910e+03
5.036700000000000000e+04 1.096101357694722310e+03 1.096101811240061352e+03
5.086700000000000000e+04 1.058457530513076563e+03 1.058457495046691292e+03
5.136700000000000000e+04 1.015844451194361000e+03 1.015843627378579072e+03
5.186700000000000000e+04 9.662484198101176389e+02 9.662478606543033948e+02
5.236700000000000000e+04 9.048968565024223381e+02 9.048969593982925517e+02
