1.367000000000000000e+03 8.368444099812060131e+02 8.368451677133689373e+02
1.867000000000000000e+03 9.181420748205783866e+02 9.181409950622354472e+02
2.367000000000000000e+03 9.739968187402147350e+02 9.739962135388245770e+02
2.867000000000000000e+03 1.020268275925359603e+03 1.020267952488298533e+03
3.367000000000000000e+03 1.060340150338759940e+03 1.060339910070825681e+03
3.867000000000000000e+03 1.095827719224883140e+03 1.095827699195232981e+03
4.367000000000000000e+03 1.127689087524951901e+03 1.127689439274529150e+03
4.867000000000000000e+03 1.156564183484629439e+03 1.156563426407086126e+03
5.367000000000000000e+03 1.182907372384405789e+03 1.182907542292694643e+03
5.867000000000000000e+03 1.207067914096759296e+03 1.207067592599508089e+03
6.367000000000000000e+03 1.229314857459042969e+03 1.229314808348938641e+03
6.867000000000000000e+03 1.249868277305730771e+03 1.249868151770907389e+03
7.367000000000000000e+03 1.268908320315385481e+03 1.268908411096034570e+03
7.867000000000000000e+03 1.286587108251057316e+03 1.286587531405693198e+03
8.367000000000000000e+03 1.303034810203934512e+03 1.303035013057764445e+03
8.867000000000000000e+03 1.318362474297190602e+03 1.318362399146044709e+03
9.367000000000000000e+03 1.332665931822396487e+03 1.332666422972569080e+03
9.867000000000000000e+03 1.346030703699168953e+03 1.346031084364901517e+03
1.036700000000000000e+04 1.358528722269452828e+03 1.358528620619161757e+03
1.086700000000000000e+04 1.370219188915363020e+03 1.370218818993156901e+03
1.136700000000000000e+04 1.381144296672351857e+03 1.381144980200054761e+03
1.186700000000000000e+04 1.391323886940287593e+03 1.391324198026284648e+03
1.236700000000000000e+04 1.400752410279685364e+03 1.400753039146400397e+03
1.286700000000000000e+04 1.409505386593769799e+03 1.409505865961326890e+03
1.336700000000000000e+04 1.417762635019887966e+03 1.417761645559507087e+03
1.386700000000000000e+04 1.425665807348891121e+03 1.425665186006184967e+03
1.436700000000000000e+04 1.433264958692215032e+03 1.433265159233352506e+03
1.486700000000000000e+04 1.440551637127448203e+03 1.440552082809609601e+03
1.536700000000000000e+04 1.447520271114436810e+03 1.447519564853830389e+03
1.586700000000000000e+04 1.454176843523960315e+03 1.454176734105726382e+03
1.636700000000000000e+04 1.460540940516633327e+03 1.460541719367359747e+03
1.686700000000000000e+04 1.466635280475874652e+03 1.466635948059664315e+03
1.736700000000000000e+04 1.472481322336422409e+03 1.472481263686476041e+03
1.786700000000000000e+04 1.478103893133293923e+03 1.478103417224793702e+03
1.836700000000000000e+04 1.483537204025532901e+03 1.483536963845168657e+03
1.886700000000000000e+04 1.488818312050139411e+03 1.488818915998371267e+03
1.936700000000000000e+04 1.493984116108463695e+03 1.493983375467276801e+03
1.986700000000000000e+04 1.499058054705921222e+03 1.499058669565428090e+03
2.036700000000000000e+04 1.504060029039569372e+03 1.504060121562508584e+03
2.086700000000000000e+04 1.508981152850076114e+03 1.508981086398706111e+03
2.136700000000000000e+04 1.513829572442827612e+03 1.513828571641251074e+03
2.186700000000000000e+04 1.518672510967678591e+03 1.518672099336813062e+03
2.236700000000000000e+04 1.523498866422945866e+03 1.523499192572884340e+03
2.286700000000000000e+04 1.527862087718406883e+03 1.527862430392130591e+03
2.336700000000000000e+04 1.530309772146754995e+03 1.530310263193192895e+03
2.386700000000000000e+04 1.533136828936047777e+03 1.533137086471758721e+03
2.436700000000000000e+04 1.535119435464795970e+03 1.535119113927760736e+03
2.486700000000000000e+04 1.536224533041723589e+03 1.536224896141697172e+03
2.536700000000000000e+04 1.536779962694480446e+03 1.536780075733815920e+03
2.586700000000000000e+04 1.537156370921445387e+03 1.537156304882609220e+03
2.636700000000000000e+04 1.537519086326382194e+03 1.537519595036307692e+03
2.686700000000000000e+04 1.537865604516473240e+03 1.537865717266855654e+03
2.736700000000000000e+04 1.538143743966278635e+03 1.538143875149611858e+03
2.786700000000000000e+04 1.538311997346412454e+03 1.538312676711877657e+03
2.836700000000000000e+04 1.538352578191008433e+03 1.538353040296616200e+03
2.886700000000000000e+04 1.538272826351775620e+03 1.538272382598177273e+03
2.936700000000000000e+04 1.538118974888932144e+03 1.538119159660549712e+03
2.986700000000000000e+04 1.538042669081409713e+03 1.538042254883996065e+03
3.036700000000000000e+04 1.538603425671534296e+03 1.538604033590798736e+03
3.086700000000000000e+04 1.542821582781852157e+03 1.542822046310264795e+03
3.136700000000000000e+04 1.544093723479807068e+03 1.544094258531418973e+03
3.186700000000000000e+04 1.543901780427641370e+03 1.543902404071717910e+03
3.236700000000000000e+04 1.543254917189183971e+03 1.543255296102664261e+03
3.286700000000000000e+04 1.542520202961796485e+03 1.542520307795571853e+03
3.336700000000000000e+04 1.541631680089325300e+03 1.541632092216659203e+03
3.386700000000000000e+04 1.540218588871829979e+03 1.540218579243999557e+03
3.436700000000000000e+04 1.537997508523699480e+03 1.537997129252026753e+03
3.486700000000000000e+04 1.534822772803382122e+03 1.534822798155195414e+03
3.536700000000000000e+04 1.530569759386676651e+03 1.530570028721338076e+03
3.586700000000000000e+04 1.525236949026192406e+03 1.525236661141551167e+03
3.636700000000000000e+04 1.519333187402636895e+03 1.519333652401073778e+03
3.686700000000000000e+04 1.513288623480090337e+03 1.513288797790966782e+03
3.736700000000000000e+04 1.506940768733165442e+03 1.506940608009535254e+03
3.786700000000000000e+04 1.499703598746131775e+03 1.499703923574822056e+03
3.836700000000000000e+04 1.488929082370076685e+03 1.488928623045871973e+03
3.886700000000000000e+04 1.480260341078297188e+03 1.480261088090651810e+03
3.936700000000000000e+04 1.472547699628850751e+03 1.472548354760953544e+03
3.986700000000000000e+04 1.465760672890081423e+03 1.465760214025430514e+03
4.036700000000000000e+04 1.457626894149805366e+03 1.457626391282583199e+03
4.086700000000000000e+04 1.448446114201228738e+03 1.448447012428749758e+03
4.136700000000000000e+04 1.438549991985045608e+03 1.438550105349320575e+03
4.186700000000000000e+04 1.428179809747753325e+03 1.428179817852728547e+03
4.236700000000000000e+04 1.417601578594458488e+03 1.417600846296303644e+03
4.286700000000000000e+04 1.405627765521007404e+03 1.405628742266799236e+03
4.336700000000000000e+04 1.392129063601120151e+03 1.392128445930698035e+03
4.386700000000000000e+04 1.377306680573669382e+03 1.377307286324033385e+03
4.436700000000000000e+04 1.360080139987702751e+03 1.360080042888468370e+03
4.486700000000000000e+04 1.343883702318829592e+03 1.343883447758392776e+03
4.536700000000000000e+04 1.327101809079940494e+03 1.327102655201730840e+03
4.586700000000000000e+04 1.309527717254193476e+03 1.309527934889655398e+03
4.636700000000000000e+04 1.291024942791303829e+03 1.291025074087025132e+03
4.686700000000000000e+04 1.271451071957432077e+03 1.271450609287271391e+03
4.736700000000000000e+04 1.250643056474993500e+03 1.250643241406406787e+03
4.786700000000000000e+04 1.228419578602706224e+03 1.228419206373237785e+03
4.836700000000000000e+04 1.204565544014243869e+03 1.204565551025332752e+03
4.886700000000000000e+04 1.178829628241798446e+03 1.178829659651227985e+03
4.936700000000000000e+04 1.150902895950312086e+03 1.150902898083033051e+03
4.986700000000000000e+04 1.120393448833722459e+03 1.120394203474437745e+03
5.036700000000000000e+04 1.086784408194588877e+03 1.086784776100369527e+03
5.086700000000000000e+04 1.049343567426509026e+03 1.049343210801960367e+03
5.136700000000000000e+04 1.006945130794288957e+03 1.006945054239413139e+03
5.186700000000000000e+04 9.576054036952215256e+02 9.576049947752114804e+02
5.236700000000000000e+04 8.966985953941538128e+02 8.966992645891232314e+02
