1.367000000000000000e+03 1.800888517515237481e+03 1.800887921722442343e+03
1.867000000000000000e+03 1.801072412803175894e+03 1.801073140047525385e+03
2.367000000000000000e+03 1.801264402834819293e+03 1.801264105025426261e+03
2.867000000000000000e+03 1.801461308419050056e+03 1.801461370803822774e+03
3.367000000000000000e+03 1.801665351432368652e+03 1.801665556735867540e+03
3.867000000000000000e+03 1.801877974311480330e+03 1.801877349610004330e+03
4.367000000000000000e+03 1.802096955323048860e+03 1.802097503276089810e+03
4.867000000000000000e+03 1.802326977256406963e+03 1.802326835097338744e+03
5.367000000000000000e+03 1.802566894882385441e+03 1.802566218604299820e+03
5.867000000000000000e+03 1.802816983019188001e+03 1.802816571442461054e+03
6.367000000000000000e+03 1.803079232457185071e+03 1.803078837002042974e+03
6.867000000000000000e+03 1.803353306715342569e+03 1.803353956708305077e+03
7.367000000000000000e+03 1.803642594523908656e+03 1.803642827286750389e+03
7.867000000000000000e+03 1.803946719879756756e+03 1.803946232242997439e+03
8.367000000000000000e+03 1.804265208842119137e+03 1.804264726685249570e+03
8.867000000000000000e+03 1.804597276335265406e+03 1.804598433166475616e+03
9.367000000000000000e+03 1.804946329338077703e+03 1.804946657160241557e+03
9.867000000000000000e+03 1.805307567881436398e+03 1.805307107975942472e+03
1.036700000000000000e+04 1.805674204630554186e+03 1.805674167341068596e+03
1.086700000000000000e+04 1.806035034389438579e+03 1.806034543787815437e+03
1.136700000000000000e+04 1.806354266096826677e+03 1.806354506433064444e+03
1.186700000000000000e+04 1.806538703008674020e+03 1.806538166875267279e+03
1.236700000000000000e+04 1.806406666728655409e+03 1.806406318567292828e+03
1.286700000000000000e+04 1.806113939854434648e+03 1.806113747416721708e+03
1.336700000000000000e+04 1.805993071951712409e+03 1.805993286937881521e+03
1.386700000000000000e+04 1.806186116825183490e+03 1.806185311253769441e+03
1.436700000000000000e+04 1.806672046616036141e+03 1.806670691834588524e+03
1.486700000000000000e+04 1.807359899714328094e+03 1.807360206004257407e+03
1.536700000000000000e+04 1.808192383560260396e+03 1.808192146877869845e+03
1.586700000000000000e+04 1.809138298275684065e+03 1.809138369611272083e+03
1.636700000000000000e+04 1.810188059588018632e+03 1.810188552209146110e+03
1.686700000000000000e+04 1.811342446155337939e+03 1.811341247746505815e+03
1.736700000000000000e+04 1.812599862613197502e+03 1.812599931912823422e+03
1.786700000000000000e+04 1.813972468159989830e+03 1.813971278402138523e+03
1.836700000000000000e+04 1.815463998544432343e+03 1.815464407202102166e+03
1.886700000000000000e+04 1.817091272227127774e+03 1.817090581533553404e+03
1.936700000000000000e+04 1.818862856858642317e+03 1.818863115209496982e+03
1.986700000000000000e+04 1.820797625127032234e+03 1.820797349838278024e+03
2.036700000000000000e+04 1.822910853070307439e+03 1.822910561259473980e+03
2.086700000000000000e+04 1.825221786499386326e+03 1.825221566693585373e+03
2.136700000000000000e+04 1.827749751336697045e+03 1.827749577705970751e+03
2.186700000000000000e+04 1.830511317487091219e+03 1.830511152626560033e+03
2.236700000000000000e+04 1.833509356520812617e+03 1.833508869182395756e+03
2.286700000000000000e+04 1.836616814444581678e+03 1.836617153750397392e+03
2.336700000000000000e+04 1.838543546508959253e+03 1.838542978781279999e+03
2.386700000000000000e+04 1.840610026816057598e+03 1.840609885145960106e+03
2.436700000000000000e+04 1.841705939810683731e+03 1.841705667807681721e+03
2.486700000000000000e+04 1.841827529864018288e+03 1.841827778514134707e+03
2.536700000000000000e+04 1.841516883556065750e+03 1.841516667577370754e+03
2.586700000000000000e+04 1.841467119267334283e+03 1.841466518696525782e+03
2.636700000000000000e+04 1.841768803232895152e+03 1.841769180602396546e+03
2.686700000000000000e+04 1.842298243528568946e+03 1.842298212631350907e+03
2.736700000000000000e+04 1.842948902534811396e+03 1.842948638506338511e+03
2.786700000000000000e+04 1.843658340535526577e+03 1.843658160952270237e+03
2.836700000000000000e+04 1.844397147702303073e+03 1.844397339351262417e+03
2.886700000000000000e+04 1.845163201349414521e+03 1.845163682458367020e+03
2.936700000000000000e+04 1.845987752989370620e+03 1.845987793101900934e+03
2.986700000000000000e+04 1.846974331417216490e+03 1.846973408925601916e+03
3.036700000000000000e+04 1.848511391502150673e+03 1.848511862968010064e+03
3.086700000000000000e+04 1.853194761845541962e+03 1.853194661144906831e+03
3.136700000000000000e+04 1.855794461997579901e+03 1.855795059562928373e+03
3.186700000000000000e+04 1.857290019662932991e+03 1.857290164037928434e+03
3.236700000000000000e+04 1.858692777265791165e+03 1.858692581974632276e+03
3.286700000000000000e+04 1.860353820682120841e+03 1.860353904515782915e+03
3.336700000000000000e+04 1.862184326858473014e+03 1.862185337879770486e+03
3.386700000000000000e+04 1.863772164574811541e+03 1.863772216094142323e+03
3.436700000000000000e+04 1.864833089796315562e+03 1.864833449356944584e+03
3.486700000000000000e+04 1.865207841877392411e+03 1.865207964833673714e+03
3.536700000000000000e+04 1.864701388044907617e+03 1.864701034716563299e+03
3.586700000000000000e+04 1.863115399525238445e+03 1.863115041635432817e+03
3.636700000000000000e+04 1.861158581532063408e+03 1.861159539041366315e+03
3.686700000000000000e+04 1.859642993542840941e+03 1.859642722204773690e+03
3.736700000000000000e+04 1.858354496238365755e+03 1.858354636224800743e+03
3.786700000000000000e+04 1.856954646026498722e+03 1.856955404818637135e+03
3.836700000000000000e+04 1.853374710705269536e+03 1.853374928153412611e+03
3.886700000000000000e+04 1.851179981153720519e+03 1.851180606482573921e+03
3.936700000000000000e+04 1.849849514573761553e+03 1.849850538761197186e+03
3.986700000000000000e+04 1.849027494730830767e+03 1.849027560578501607e+03
4.036700000000000000e+04 1.848262813807985822e+03 1.848262228973368110e+03
4.086700000000000000e+04 1.846670343856375212e+03 1.846670540229919879e+03
4.136700000000000000e+04 1.844961380531359737e+03 1.844962055585245480e+03
4.186700000000000000e+04 1.843438870571321331e+03 1.843439039749718859e+03
4.236700000000000000e+04 1.842663605507534157e+03 1.842664203992388138e+03
4.286700000000000000e+04 1.840669670454656625e+03 1.840669128233321317e+03
4.336700000000000000e+04 1.836855497671311696e+03 1.836856441843349330e+03
4.386700000000000000e+04 1.833126968848208207e+03 1.833126462064396947e+03
4.436700000000000000e+04 1.829004487514151606e+03 1.829003881186750505e+03
4.486700000000000000e+04 1.826307165790312638e+03 1.826307537095979569e+03
4.536700000000000000e+04 1.823957613298856586e+03 1.823956984950051037e+03
4.586700000000000000e+04 1.821857579801999691e+03 1.821856611978074397e+03
4.636700000000000000e+04 1.819966541183979189e+03 1.819966407876376024e+03
4.686700000000000000e+04 1.818257761792924384e+03 1.818257426958260339e+03
4.736700000000000000e+04 1.816706709044360878e+03 1.816706432961401561e+03
4.786700000000000000e+04 1.815293940834464593e+03 1.815294150740461873e+03
4.836700000000000000e+04 1.814004664803405831e+03 1.814004335355674812e+03
4.886700000000000000e+04 1.812823552104016699e+03 1.812823156321902616e+03
4.936700000000000000e+04 1.811738668271320648e+03 1.811738754412260732e+03
4.986700000000000000e+04 1.810740703616437258e+03 1.810740916385115270e+03
5.036700000000000000e+04 1.809820448441368626e+03 1.809820850253177468e+03
5.086700000000000000e+04 1.808970928196202067e+03 1.808971088792986393e+03
5.136700000000000000e+04 1.808185659617506417e+03 1.808185700505165642e+03
5.186700000000000000e+04 1.807460755673459516e+03 1.807461920074388900e+03
5.236700000000000000e+04 1.806818456578053201e+03 1.806817447351939563e+03
