1.367000000000000000e+03 1.817959469999781277e+03 1.817959463764709653e+03
1.867000000000000000e+03 1.818021253408728398e+03 1.818021844530970384e+03
2.367000000000000000e+03 1.818086147957612638e+03 1.818086917385933475e+03
2.867000000000000000e+03 1.818155389736835787e+03 1.818155065106218217e+03
3.367000000000000000e+03 1.818227328663136404e+03 1.818226728408346162e+03
3.867000000000000000e+03 1.818302940001843808e+03 1.818302407421685757e+03
4.367000000000000000e+03 1.818383394572893849e+03 1.818382661121725050e+03
4.867000000000000000e+03 1.818468088077974016e+03 1.818468104565090471e+03
5.367000000000000000e+03 1.818559236693259209e+03 1.818559403766206060e+03
5.867000000000000000e+03 1.818657561278353342e+03 1.818657267862555500e+03
6.367000000000000000e+03 1.818762080169949968e+03 1.818762437724994243e+03
6.867000000000000000e+03 1.818875629268004559e+03 1.818875669216263304e+03
7.367000000000000000e+03 1.818998177777203637e+03 1.818997707558178035e+03
7.867000000000000000e+03 1.819129594989572297e+03 1.819129246033183108e+03
8.367000000000000000e+03 1.819271005012393971e+03 1.819270855960032122e+03
8.867000000000000000e+03 1.819423188609711133e+03 1.819422861964200820e+03
9.367000000000000000e+03 1.819585100396748203e+03 1.819585108346536799e+03
9.867000000000000000e+03 1.819757033357908085e+03 1.819756496511121668e+03
1.036700000000000000e+04 1.819933992583326699e+03 1.819934008795393083e+03
1.086700000000000000e+04 1.820110388937695689e+03 1.820110499485513856e+03
1.136700000000000000e+04 1.820269394944694568e+03 1.820269449385771395e+03
1.186700000000000000e+04 1.820374502453068089e+03 1.820374270350978804e+03
1.236700000000000000e+04 1.820373273564865713e+03 1.820373187962213478e+03
1.286700000000000000e+04 1.820296389456471616e+03 1.820296904771109439e+03
1.336700000000000000e+04 1.820285088551405806e+03 1.820284857532810747e+03
1.386700000000000000e+04 1.820447050029994216e+03 1.820445987503793731e+03
1.436700000000000000e+04 1.820796285925995335e+03 1.820796366348770107e+03
1.486700000000000000e+04 1.821296657330979542e+03 1.821296837126912351e+03
1.536700000000000000e+04 1.821914257188585225e+03 1.821913964692886793e+03
1.586700000000000000e+04 1.822632479788457658e+03 1.822632209741975430e+03
1.636700000000000000e+04 1.823447473425326280e+03 1.823447184543405001e+03
1.686700000000000000e+04 1.824360038512754500e+03 1.824359755164747185e+03
1.736700000000000000e+04 1.825373014782688642e+03 1.825372985983679200e+03
1.786700000000000000e+04 1.826495330315631918e+03 1.826495478244036804e+03
1.836700000000000000e+04 1.827745576281102331e+03 1.827746131374686456e+03
1.886700000000000000e+04 1.829148000347714742e+03 1.829147675878946075e+03
1.936700000000000000e+04 1.830721153608031500e+03 1.830721198530616221e+03
1.986700000000000000e+04 1.832482825950460438e+03 1.832483183490834108e+03
2.036700000000000000e+04 1.834437637369504955e+03 1.834438198099543797e+03
2.086700000000000000e+04 1.836569875370234058e+03 1.836569853275728747e+03
2.136700000000000000e+04 1.838876912155713399e+03 1.838876357516374128e+03
2.186700000000000000e+04 1.841421323666407943e+03 1.841419319323078298e+03
2.236700000000000000e+04 1.844179308784523528e+03 1.844179181161299084e+03
2.286700000000000000e+04 1.846702743773473912e+03 1.846702227988120285e+03
2.336700000000000000e+04 1.847531008195238428e+03 1.847531361959930791e+03
2.386700000000000000e+04 1.848956218409319035e+03 1.848956140726462536e+03
2.436700000000000000e+04 1.849748510821003947e+03 1.849748619955583990e+03
2.486700000000000000e+04 1.849873965598068480e+03 1.849873845968654223e+03
2.536700000000000000e+04 1.849654837230313660e+03 1.849654589129174838e+03
2.586700000000000000e+04 1.849460503259855386e+03 1.849460243637910253e+03
2.636700000000000000e+04 1.849455896663768499e+03 1.849455163388038727e+03
2.686700000000000000e+04 1.849633258987558065e+03 1.849634052190652028e+03
2.736700000000000000e+04 1.849945454157054655e+03 1.849945630152458079e+03
2.786700000000000000e+04 1.850348917353167963e+03 1.850348602684287471e+03
2.836700000000000000e+04 1.850824088690028248e+03 1.850824566957473962e+03
2.886700000000000000e+04 1.851382401407904808e+03 1.851382204070903981e+03
2.936700000000000000e+04 1.852071734955474085e+03 1.852071827760168389e+03
2.986700000000000000e+04 1.853044850103055524e+03 1.853044783771563061e+03
3.036700000000000000e+04 1.854866621571532278e+03 1.854866519565330236e+03
3.086700000000000000e+04 1.860558945167475258e+03 1.860558306661166171e+03
3.136700000000000000e+04 1.863521975474249075e+03 1.863522493568395475e+03
3.186700000000000000e+04 1.865245533191070535e+03 1.865245886688286191e+03
3.236700000000000000e+04 1.866743805315919417e+03 1.866743093517006855e+03
3.286700000000000000e+04 1.868387758363940975e+03 1.868388040454834709e+03
3.336700000000000000e+04 1.870122201601295956e+03 1.870122735253327846e+03
3.386700000000000000e+04 1.871582759132753381e+03 1.871583312344485194e+03
3.436700000000000000e+04 1.872495095811573265e+03 1.872496241347286059e+03
3.486700000000000000e+04 1.872726760545697061e+03 1.872726653983305823e+03
3.536700000000000000e+04 1.872160104557602608e+03 1.872160105057404053e+03
3.586700000000000000e+04 1.870807469383981015e+03 1.870806661359205918e+03
3.636700000000000000e+04 1.869191316705408326e+03 1.869190709045472431e+03
3.686700000000000000e+04 1.867754974042557706e+03 1.867754774034034654e+03
3.736700000000000000e+04 1.866353110990676441e+03 1.866353510260993062e+03
3.786700000000000000e+04 1.864419751086606084e+03 1.864419439183082432e+03
3.836700000000000000e+04 1.859321508781048578e+03 1.859321799001122599e+03
3.886700000000000000e+04 1.856727051687526000e+03 1.856728169014543937e+03
3.936700000000000000e+04 1.855508937722237761e+03 1.855508801333764268e+03
3.986700000000000000e+04 1.855658751257186850e+03 1.855658926493106719e+03
4.036700000000000000e+04 1.854935553918954156e+03 1.854936166977712446e+03
4.086700000000000000e+04 1.853671987501674494e+03 1.853671271563167466e+03
4.136700000000000000e+04 1.852226145969557820e+03 1.852225926007347198e+03
4.186700000000000000e+04 1.850881056381200779e+03 1.850881329561501616e+03
4.236700000000000000e+04 1.849942414968591947e+03 1.849943042366455074e+03
4.286700000000000000e+04 1.848271484892523404e+03 1.848271785109287748e+03
4.336700000000000000e+04 1.845781464395736748e+03 1.845782557934654506e+03
4.386700000000000000e+04 1.842739112798210954e+03 1.842738343305099306e+03
4.436700000000000000e+04 1.838116041385306062e+03 1.838116020036522059e+03
4.486700000000000000e+04 1.835421544990026860e+03 1.835421913063785269e+03
4.536700000000000000e+04 1.833119836448200203e+03 1.833119568026903380e+03
4.586700000000000000e+04 1.831088569450000477e+03 1.831088096208987736e+03
4.636700000000000000e+04 1.829293899378549213e+03 1.829294703496844477e+03
4.686700000000000000e+04 1.827712104394879589e+03 1.827712714362534371e+03
4.736700000000000000e+04 1.826316849055279135e+03 1.826316734842273036e+03
4.786700000000000000e+04 1.825082761472792754e+03 1.825083181465406142e+03
4.836700000000000000e+04 1.823990318549161202e+03 1.823990867413466731e+03
4.886700000000000000e+04 1.823021339324018527e+03 1.823021253175050333e+03
4.936700000000000000e+04 1.822158167483423313e+03 1.822158494353689775e+03
4.986700000000000000e+04 1.821388863656645526e+03 1.821389461325441744e+03
5.036700000000000000e+04 1.820704134989088516e+03 1.820703960058674966e+03
5.086700000000000000e+04 1.820095538798294456e+03 1.820095673148629885e+03
5.136700000000000000e+04 1.819565618375349004e+03 1.819565667805104567e+03
5.186700000000000000e+04 1.819137275577515766e+03 1.819138165815803177e+03
5.236700000000000000e+04 1.818980234709232946e+03 1.818980277609422728e+03
