0.000000000000000000e+00 -9.738398659590129114e+01 -1.012372402874441804e+02
5.000000000000000000e+02 -1.101094570551102834e+02 -1.077126880871009291e+02
1.000000000000000000e+03 -1.138906622986729644e+02 -1.147292351340542496e+02
1.500000000000000000e+03 -1.172490064094377402e+02 -1.223406881623300961e+02
2.000000000000000000e+03 -1.260969763843099969e+02 -1.306065533273221035e+02
2.500000000000000000e+03 -1.412556221773294567e+02 -1.395925150844681752e+02
3.000000000000000000e+03 -1.463486667672113413e+02 -1.493708716225629587e+02
3.500000000000000000e+03 -1.650446564662040032e+02 -1.600208727760309557e+02
4.000000000000000000e+03 -1.752830824244908001e+02 -1.716288766010328288e+02
4.500000000000000000e+03 -1.799988059173058161e+02 -1.842881962008882510e+02
5.000000000000000000e+03 -1.940988125940830571e+02 -1.980984414290778943e+02
5.500000000000000000e+03 -2.136556710577206957e+02 -2.131640593397166583e+02
6.000000000000000000e+03 -2.344576984053541082e+02 -2.295916251263872141e+02
6.500000000000000000e+03 -2.438374001857311555e+02 -2.474852046462619626e+02
7.000000000000000000e+03 -2.659440736213142031e+02 -2.669387582627926463e+02
7.500000000000000000e+03 -2.921017233767435641e+02 -2.880240176369588880e+02
8.000000000000000000e+03 -3.200896533868270240e+02 -3.107714384025105119e+02
8.500000000000000000e+03 -3.277279068684690060e+02 -3.351405482202309827e+02
9.000000000000000000e+03 -3.498490977677972182e+02 -3.609740112022249718e+02
9.500000000000000000e+03 -3.941544591956138106e+02 -3.879266028703671623e+02
1.000000000000000000e+04 -4.151937768089007363e+02 -4.153553803502646247e+02
1.050000000000000000e+04 -4.416306205680654102e+02 -4.421496132316623857e+02
1.100000000000000000e+04 -4.618134437406467896e+02 -4.664669283687891834e+02
1.150000000000000000e+04 -4.828440941105687330e+02 -4.853232635145615745e+02
1.200000000000000000e+04 -4.981306553705805982e+02 -4.939553639842903294e+02
1.250000000000000000e+04 -4.556206467289621855e+02 -4.848318621352186142e+02
1.300000000000000000e+04 -4.342581406417513108e+02 -4.461298879369304586e+02
1.350000000000000000e+04 -3.558694060801027490e+02 -3.594233601971053531e+02
1.400000000000000000e+04 -1.878263758814115647e+02 -1.962744946305018914e+02
1.450000000000000000e+04 8.039766009059493967e+01 8.653041198416291024e+01
1.500000000000000000e+04 5.560342786221845017e+02 5.529859731579763320e+02
1.550000000000000000e+04 1.285966513612166182e+03 1.293842584876237652e+03
1.600000000000000000e+04 2.430748336007500257e+03 2.428614836541329623e+03
1.650000000000000000e+04 4.134421513248402334e+03 4.095043609040162664e+03
1.700000000000000000e+04 6.396303600805666065e+03 6.413156414868902175e+03
1.750000000000000000e+04 9.447907847108022906e+03 9.418459685688827449e+03
1.800000000000000000e+04 1.309754883381982654e+04 1.299653900441151382e+04
1.850000000000000000e+04 1.690283409551227305e+04 1.689480300798334429e+04
1.900000000000000000e+04 2.093834038749757383e+04 2.082506161758231974e+04
1.950000000000000000e+04 2.457676441801775945e+04 2.452615161813043596e+04
2.000000000000000000e+04 2.783593710586047382e+04 2.768200110262044473e+04
2.050000000000000000e+04 2.963682096540834755e+04 2.980506006877665641e+04
2.100000000000000000e+04 3.056054913978268087e+04 3.040208815632514597e+04
2.150000000000000000e+04 2.925300951789641113e+04 2.934124383557144029e+04
2.200000000000000000e+04 2.667365786553404905e+04 2.681961940745451284e+04
2.250000000000000000e+04 2.320172368566723526e+04 2.325636815527957879e+04
2.300000000000000000e+04 1.903486932584485112e+04 1.923903900142434577e+04
2.350000000000000000e+04 1.522493588242948863e+04 1.520608090157737570e+04
2.400000000000000000e+04 1.131684414320763790e+04 1.134086764062324619e+04
2.450000000000000000e+04 7.673992104369047411e+03 7.730168804127522890e+03
2.500000000000000000e+04 4.452670411684373903e+03 4.490681057342837448e+03
2.550000000000000000e+04 1.781740213947195116e+03 1.781091925662298536e+03
2.600000000000000000e+04 -2.679098273301886479e+02 -2.722631980078954825e+02
2.650000000000000000e+04 -1.651979255267947792e+03 -1.648243131876700545e+03
2.700000000000000000e+04 -2.415500776056900122e+03 -2.433949966862541260e+03
2.750000000000000000e+04 -2.804437937346527633e+03 -2.774692228921807327e+03
2.800000000000000000e+04 -2.798442653510792752e+03 -2.820218644755561854e+03
2.850000000000000000e+04 -2.700906517413822712e+03 -2.693112659104915110e+03
2.900000000000000000e+04 -2.483567256547401485e+03 -2.479787007044690654e+03
2.950000000000000000e+04 -2.237375482203623505e+03 -2.234676925349351222e+03
3.000000000000000000e+04 -1.970293510903303968e+03 -1.988861771826805807e+03
3.050000000000000000e+04 -1.750918293849756083e+03 -1.758252951412695438e+03
3.100000000000000000e+04 -1.555800581490093009e+03 -1.549702804437653413e+03
3.150000000000000000e+04 -1.365639191704432506e+03 -1.365023658471576482e+03
3.200000000000000000e+04 -1.217636034779889997e+03 -1.203432653495977775e+03
3.250000000000000000e+04 -1.065772600175078878e+03 -1.062957366320292522e+03
3.300000000000000000e+04 -9.384031023750106897e+02 -9.412050059625586300e+02
3.350000000000000000e+04 -8.304192073683341278e+02 -8.357603592896224427e+02
3.400000000000000000e+04 -7.447688770938121934e+02 -7.443750049816287628e+02
3.450000000000000000e+04 -6.653923773029640643e+02 -6.650431664174832349e+02
3.500000000000000000e+04 -6.029734300123176354e+02 -5.960185322161621571e+02
3.550000000000000000e+04 -5.301035721502541946e+02 -5.358022523236512598e+02
3.600000000000000000e+04 -4.781818659342179672e+02 -4.831184911376979016e+02
3.650000000000000000e+04 -4.316563071081198473e+02 -4.368861367881982005e+02
3.700000000000000000e+04 -3.962833607052331217e+02 -3.961909563428828278e+02
3.750000000000000000e+04 -3.652299065436572505e+02 -3.602601446634838567e+02
3.800000000000000000e+04 -3.334880471726779092e+02 -3.284399744496657263e+02
3.850000000000000000e+04 -2.901931834400238586e+02 -3.001766249633765824e+02
3.900000000000000000e+04 -2.777893110687122658e+02 -2.749999698925183225e+02
3.950000000000000000e+04 -2.578251449411794738e+02 -2.525099856968826373e+02
4.000000000000000000e+04 -2.258787832538757812e+02 -2.323654144968011508e+02
4.050000000000000000e+04 -2.171243717411101954e+02 -2.142743328777807790e+02
