0.000000000000000000e+00 -7.239610693555889043e+01 -7.860866987585656318e+01
5.000000000000000000e+02 -8.221840043676181153e+01 -8.390290886205201559e+01
1.000000000000000000e+03 -9.354113508763080631e+01 -8.967842205694479674e+01
1.500000000000000000e+03 -9.913699594499372836e+01 -9.599035751971838692e+01
2.000000000000000000e+03 -1.033413027674274787e+02 -1.029014595653028721e+02
2.500000000000000000e+03 -1.080753879530463735e+02 -1.104832769403555943e+02
3.000000000000000000e+03 -1.186973035806749124e+02 -1.188175831900219350e+02
3.500000000000000000e+03 -1.323586861094935898e+02 -1.279980474815185545e+02
4.000000000000000000e+03 -1.420805522276701254e+02 -1.381321999080865623e+02
4.500000000000000000e+03 -1.498702119645049606e+02 -1.493437408336481838e+02
5.000000000000000000e+03 -1.577534828935817472e+02 -1.617752481167812277e+02
5.500000000000000000e+03 -1.827381019969767806e+02 -1.755913371157078586e+02
6.000000000000000000e+03 -1.916983414405724204e+02 -1.909823226415028330e+02
6.500000000000000000e+03 -2.098410543658158929e+02 -2.081684130393055057e+02
7.000000000000000000e+03 -2.215504234304865463e+02 -2.274044227706284289e+02
7.500000000000000000e+03 -2.490903269261433195e+02 -2.489849005458929128e+02
8.000000000000000000e+03 -2.734783516361134730e+02 -2.732493979994269466e+02
8.500000000000000000e+03 -3.006521686773984356e+02 -3.005872816884205463e+02
9.000000000000000000e+03 -3.300085125802880839e+02 -3.314408953131441535e+02
9.500000000000000000e+03 -3.751651718806100462e+02 -3.663047800683939954e+02
1.000000000000000000e+04 -3.923460700679166280e+02 -4.057166256742179939e+02
1.050000000000000000e+04 -4.527484772025919710e+02 -4.502318190281208672e+02
1.100000000000000000e+04 -5.019000341804115806e+02 -5.003662420726789151e+02
1.150000000000000000e+04 -5.552731724895769503e+02 -5.564780454628652251e+02
1.200000000000000000e+04 -6.289681272877976426e+02 -6.185316789925705052e+02
1.250000000000000000e+04 -6.786048992221024037e+02 -6.856320674425612651e+02
1.300000000000000000e+04 -7.574078039109015208e+02 -7.551021626300590697e+02
1.350000000000000000e+04 -8.110503812559539938e+02 -8.206338635382703615e+02
1.400000000000000000e+04 -8.457993693265118509e+02 -8.685164572841104018e+02
1.450000000000000000e+04 -8.805478620835809807e+02 -8.698087641950496618e+02
1.500000000000000000e+04 -7.511070614790949094e+02 -7.639794396393922398e+02
1.550000000000000000e+04 -4.319607483313036482e+02 -4.257168120272629039e+02
1.600000000000000000e+04 4.114067035988801990e+02 3.932603588537610904e+02
1.650000000000000000e+04 2.102641881358942101e+03 2.115553923503692658e+03
1.700000000000000000e+04 5.194657871725993573e+03 5.188531160817427917e+03
1.750000000000000000e+04 9.459191465658055677e+03 9.519468572324616616e+03
1.800000000000000000e+04 1.428028816048745102e+04 1.424801349965429472e+04
1.850000000000000000e+04 1.860527818904444939e+04 1.853369924550696305e+04
1.900000000000000000e+04 2.192293648418184966e+04 2.203784372317412999e+04
1.950000000000000000e+04 2.481172929594693414e+04 2.471161117287829620e+04
2.000000000000000000e+04 2.653906005846626431e+04 2.655153419519913950e+04
2.050000000000000000e+04 2.740196124788756060e+04 2.751082851327664321e+04
2.100000000000000000e+04 2.776002148262552510e+04 2.750910241041958579e+04
2.150000000000000000e+04 2.635325416415081418e+04 2.648993301342325867e+04
2.200000000000000000e+04 2.462250565718951839e+04 2.449634567553782836e+04
2.250000000000000000e+04 2.154796146801699069e+04 2.172520928634138181e+04
2.300000000000000000e+04 1.848595472493080160e+04 1.849294291190393778e+04
2.350000000000000000e+04 1.516939191559145547e+04 1.510050822802355833e+04
2.400000000000000000e+04 1.182326825113973973e+04 1.172435394674336931e+04
2.450000000000000000e+04 8.558743511725904682e+03 8.430949867697543596e+03
2.500000000000000000e+04 5.281889485767508631e+03 5.255700290695115655e+03
2.550000000000000000e+04 2.314701874409378888e+03 2.274019683967070705e+03
2.600000000000000000e+04 -3.631824102885276488e+02 -3.366347563257793354e+02
2.650000000000000000e+04 -2.240229758624436727e+03 -2.268315848022506543e+03
2.700000000000000000e+04 -3.263842969605112103e+03 -3.260646206081498349e+03
2.750000000000000000e+04 -3.435898359679946680e+03 -3.439821680502610434e+03
2.800000000000000000e+04 -3.207854024007523549e+03 -3.196881137871054761e+03
2.850000000000000000e+04 -2.819504844848998800e+03 -2.821699350675477035e+03
2.900000000000000000e+04 -2.463747093144076189e+03 -2.441383688112858636e+03
2.950000000000000000e+04 -2.071886844899618154e+03 -2.097798851670997919e+03
3.000000000000000000e+04 -1.805485689621595156e+03 -1.800304966929706779e+03
3.050000000000000000e+04 -1.523446199118423237e+03 -1.547240237726301757e+03
3.100000000000000000e+04 -1.336531567003270538e+03 -1.333583275434159077e+03
3.150000000000000000e+04 -1.140061290393580293e+03 -1.153661639846221988e+03
3.200000000000000000e+04 -1.010239522293462642e+03 -1.002121087156643284e+03
3.250000000000000000e+04 -8.776293529110248528e+02 -8.742474829825798679e+02
3.300000000000000000e+04 -7.654577503885834631e+02 -7.660303420020500198e+02
3.350000000000000000e+04 -6.758351753005890714e+02 -6.741212443903662006e+02
3.400000000000000000e+04 -5.940200796577812525e+02 -5.957535955888146191e+02
3.450000000000000000e+04 -5.371771511858889880e+02 -5.286539308700497486e+02
3.500000000000000000e+04 -4.707686465317999591e+02 -4.709581632654161467e+02
3.550000000000000000e+04 -4.345726230558672682e+02 -4.211379876474798039e+02
3.600000000000000000e+04 -3.925844708983671580e+02 -3.779386786802776328e+02
3.650000000000000000e+04 -3.449926801100154421e+02 -3.403276957526322803e+02
3.700000000000000000e+04 -2.987657989393538855e+02 -3.074527833224915412e+02
3.750000000000000000e+04 -2.765012666121414213e+02 -2.786080756608932347e+02
3.800000000000000000e+04 -2.486430642018257231e+02 -2.532067876967182656e+02
3.850000000000000000e+04 -2.303087956487499355e+02 -2.307592468704367548e+02
3.900000000000000000e+04 -2.102340155766373471e+02 -2.108552192867244344e+02
3.950000000000000000e+04 -1.979651847158708620e+02 -1.931496722733938611e+02
4.000000000000000000e+04 -1.850402872233170797e+02 -1.773512809145686049e+02
4.050000000000000000e+04 -1.604071175815871584e+02 -1.632131248134236614e+02
