0.000000000000000000e+00 -7.943343761281555260e+01 -8.077288430752724935e+01
5.000000000000000000e+02 -8.253819254981331710e+01 -8.632719653515826508e+01
1.000000000000000000e+03 -8.834590202498031886e+01 -9.239856153519204440e+01
1.500000000000000000e+03 -1.043459641180143080e+02 -9.904787697887843478e+01
2.000000000000000000e+03 -9.490450254786046003e+01 -1.063447074912489967e+02
2.500000000000000000e+03 -1.125556464894280708e+02 -1.143687208810133313e+02
3.000000000000000000e+03 -1.241779843213565186e+02 -1.232113913318042364e+02
3.500000000000000000e+03 -1.352109130388812162e+02 -1.329780224173130705e+02
4.000000000000000000e+03 -1.417333989172660438e+02 -1.437901527901391887e+02
4.500000000000000000e+03 -1.574734052534883801e+02 -1.557884184485476453e+02
5.000000000000000000e+03 -1.666772174248328611e+02 -1.691359569571053214e+02
5.500000000000000000e+03 -1.783142102986439568e+02 -1.840224494003812765e+02
6.000000000000000000e+03 -1.975577660544844889e+02 -2.006689021532328070e+02
6.500000000000000000e+03 -2.115673705913101230e+02 -2.193332668488821184e+02
7.000000000000000000e+03 -2.450690241197424939e+02 -2.403169720247163355e+02
7.500000000000000000e+03 -2.807507968561560574e+02 -2.639723728278418093e+02
8.000000000000000000e+03 -2.962766366599569778e+02 -2.907109766240111526e+02
8.500000000000000000e+03 -3.219562605871687992e+02 -3.210119987216548907e+02
9.000000000000000000e+03 -3.512910404606302563e+02 -3.554302043404495635e+02
9.500000000000000000e+03 -3.976090059240212895e+02 -3.946008333825139971e+02
1.000000000000000000e+04 -4.371489573215561677e+02 -4.392371635742283047e+02
1.050000000000000000e+04 -4.894640689644928671e+02 -4.901119130881101000e+02
1.100000000000000000e+04 -5.423494170516491977e+02 -5.480051213845081293e+02
1.150000000000000000e+04 -6.047071926838713125e+02 -6.135840201322637313e+02
1.200000000000000000e+04 -6.997096783595889065e+02 -6.871454100606308657e+02
1.250000000000000000e+04 -7.797594156879077900e+02 -7.680777845259565311e+02
1.300000000000000000e+04 -8.629755573272523179e+02 -8.537430388013182210e+02
1.350000000000000000e+04 -9.434816253362990892e+02 -9.371316675803792577e+02
1.400000000000000000e+04 -1.004254081389971702e+03 -1.001876559634872251e+03
1.450000000000000000e+04 -1.001099687854633430e+03 -1.011542817775349135e+03
1.500000000000000000e+04 -8.898148683076184398e+02 -8.869571222044355636e+02
1.550000000000000000e+04 -4.570175593903360323e+02 -4.626124914202422929e+02
1.600000000000000000e+04 5.680739942066900312e+02 5.694859548745127995e+02
1.650000000000000000e+04 2.634966586114455822e+03 2.615956619193240385e+03
1.700000000000000000e+04 5.765887233833587743e+03 5.813215283352808910e+03
1.750000000000000000e+04 9.797702962911340364e+03 9.688093495911134596e+03
1.800000000000000000e+04 1.349931214306075526e+04 1.360316176008692128e+04
1.850000000000000000e+04 1.720983871923276456e+04 1.722777667291630496e+04
1.900000000000000000e+04 2.051670686901493173e+04 2.044096319415512698e+04
1.950000000000000000e+04 2.325066507058412753e+04 2.312000333352742382e+04
2.000000000000000000e+04 2.479080644801356902e+04 2.507566566628777582e+04
2.050000000000000000e+04 2.594600612534659740e+04 2.612291069730863819e+04
2.100000000000000000e+04 2.629328949357756574e+04 2.616960430099963560e+04
2.150000000000000000e+04 2.530176820302292617e+04 2.523972808945961879e+04
2.200000000000000000e+04 2.357680239205702674e+04 2.344785058653453598e+04
2.250000000000000000e+04 2.086415236744176582e+04 2.096979194310780804e+04
2.300000000000000000e+04 1.803901437607672779e+04 1.802706390374432885e+04
2.350000000000000000e+04 1.476727850000197577e+04 1.487158160450175819e+04
2.400000000000000000e+04 1.180649381300834102e+04 1.174086317306241835e+04
2.450000000000000000e+04 8.811014320362939543e+03 8.784623164985132462e+03
2.500000000000000000e+04 6.085854639849405430e+03 6.030215017476871253e+03
2.550000000000000000e+04 3.336843592061819436e+03 3.434235387034885207e+03
2.600000000000000000e+04 1.024918053926446191e+03 9.736560999913122032e+02
2.650000000000000000e+04 -1.324377233144290585e+03 -1.270168204433563460e+03
2.700000000000000000e+04 -3.020744619164120195e+03 -3.046686992289918635e+03
2.750000000000000000e+04 -4.035886896592300673e+03 -4.014156780314964180e+03
2.800000000000000000e+04 -4.097583322983378821e+03 -4.111186799962441000e+03
2.850000000000000000e+04 -3.649238585230927583e+03 -3.691962568834502235e+03
2.900000000000000000e+04 -3.152569846405277531e+03 -3.127773169519291969e+03
2.950000000000000000e+04 -2.592844729775736141e+03 -2.597381655535406026e+03
3.000000000000000000e+04 -2.125653514797003936e+03 -2.151146754607199000e+03
3.050000000000000000e+04 -1.775620905847546055e+03 -1.789636121818683932e+03
3.100000000000000000e+04 -1.512734625382648574e+03 -1.499711107907154428e+03
3.150000000000000000e+04 -1.271929924890698885e+03 -1.266909092484983148e+03
3.200000000000000000e+04 -1.089716528612051434e+03 -1.078857132609479550e+03
3.250000000000000000e+04 -9.088823434833391275e+02 -9.257622364692567771e+02
3.300000000000000000e+04 -7.896067712848779365e+02 -8.000814880569005254e+02
3.350000000000000000e+04 -6.906755948966048209e+02 -6.960478309792438267e+02
3.400000000000000000e+04 -6.137322366185259170e+02 -6.092457585079599767e+02
3.450000000000000000e+04 -5.265399617850860068e+02 -5.362759425879991113e+02
3.500000000000000000e+04 -4.757028460231776990e+02 -4.745020446327023933e+02
3.550000000000000000e+04 -4.257485957230146596e+02 -4.218628143698040276e+02
3.600000000000000000e+04 -3.590167325899327579e+02 -3.767332370323792361e+02
3.650000000000000000e+04 -3.434084791906133773e+02 -3.378217188502094928e+02
3.700000000000000000e+04 -3.078019327793198840e+02 -3.040935589371575816e+02
3.750000000000000000e+04 -2.755435537720304069e+02 -2.747135960556483951e+02
3.800000000000000000e+04 -2.506196602213414053e+02 -2.490028979403110441e+02
3.850000000000000000e+04 -2.167879179434464731e+02 -2.264057963514069343e+02
3.900000000000000000e+04 -2.103297428261956270e+02 -2.064645981185795733e+02
3.950000000000000000e+04 -1.905337996071044415e+02 -1.888000343946804662e+02
4.000000000000000000e+04 -1.706876412347664314e+02 -1.730960325947303318e+02
4.050000000000000000e+04 -1.615632514588417621e+02 -1.590877696400607419e+02
