1.875744827586204337e+03 -6.845812123360515500e+01 -7.032752072359093631e+01
2.375744827586204337e+03 -6.719060704326122391e+01 -6.796070279004680970e+01
2.875744827586204337e+03 -6.401797683923459203e+01 -6.450705624130107196e+01
3.375744827586204337e+03 -5.921747417723803864e+01 -5.969605434561876223e+01
3.875744827586204337e+03 -5.462775546432661855e+01 -5.318068110273379290e+01
4.375744827586204337e+03 -4.490630953848832974e+01 -4.450955790370922216e+01
4.875744827586204337e+03 -3.604843517012028542e+01 -3.308627632125202922e+01
5.375744827586204337e+03 -1.579458505182663508e+01 -1.810903462477925174e+01
5.875744827586204337e+03 3.942979565158746258e-01 1.520307703163159996e+00
6.375744827586204337e+03 3.052245014238984666e+01 2.733444419523094027e+01
6.875744827586204337e+03 5.912198122572546310e+01 6.150918298166563858e+01
7.375744827586204337e+03 1.144743490827990371e+02 1.071630734493378867e+02
7.875744827586204337e+03 1.723503439598142677e+02 1.687140996971613447e+02
8.375744827586204337e+03 2.520788649948992486e+02 2.519821929195449854e+02
8.875744827586204337e+03 3.521520666649886948e+02 3.627167764375118963e+02
9.375744827586204337e+03 4.917485543515095401e+02 5.000870094953222633e+02
9.875744827586204337e+03 6.160464593907910285e+02 6.441643521046119076e+02
1.037574482758620434e+04 7.414904263409606529e+02 7.576901293997248104e+02
1.087574482758620434e+04 8.045041286962201639e+02 8.175022766713708506e+02
1.137574482758620434e+04 8.394169952629179079e+02 8.276249702308817859e+02
1.187574482758620434e+04 7.816813294630733253e+02 8.018232355283485049e+02
1.237574482758620434e+04 7.562900393355639608e+02 7.516391032936213605e+02
1.287574482758620434e+04 7.143850610775376708e+02 6.852736991547628804e+02
1.337574482758620434e+04 6.062084448435574586e+02 6.100240652337613483e+02
1.387574482758620434e+04 5.389781114199249714e+02 5.358859582411261044e+02
1.437574482758620434e+04 4.684851180935569914e+02 4.813547608709428118e+02
1.487574482758620434e+04 4.787606195100571540e+02 4.846536433830757460e+02
1.537574482758620434e+04 6.069680699969452462e+02 6.267362632442161612e+02
1.587574482758620434e+04 1.074613562365623693e+03 1.074896127007162931e+03
1.637574482758620434e+04 2.114930594464861315e+03 2.137888060302013400e+03
1.687574482758620434e+04 4.148543493843763827e+03 4.217682453256739791e+03
1.737574482758620434e+04 7.473951790053178229e+03 7.425357283342178562e+03
1.787574482758620434e+04 1.111182706547681846e+04 1.121810483010574535e+04
1.837574482758620434e+04 1.496883967149925229e+04 1.487143709329864396e+04
1.887574482758620434e+04 1.818391657878816477e+04 1.801408397321560915e+04
1.937574482758620434e+04 2.021097595951717085e+04 2.054604442499451761e+04
1.987574482758620434e+04 2.180142742192471633e+04 2.241164755920711832e+04
2.037574482758620434e+04 2.324460896241005685e+04 2.349671930682368475e+04
2.087574482758620434e+04 2.336559166356781134e+04 2.363636354294188641e+04
2.137574482758620434e+04 2.231174091534881154e+04 2.269204354713943394e+04
2.187574482758620434e+04 2.025890461736384532e+04 2.067844198927105754e+04
2.237574482758620434e+04 1.796239501772649601e+04 1.787084939567135370e+04
2.287574482758620434e+04 1.494553980107556708e+04 1.474008983478141454e+04
2.337574482758620434e+04 1.193446698378398469e+04 1.170920464294946032e+04
2.387574482758620434e+04 8.960897150413711643e+03 8.988888567919982961e+03
2.437574482758620434e+04 6.402701239047902163e+03 6.591028320898082711e+03
2.487574482758620434e+04 4.467480370736233453e+03 4.438242435684785960e+03
2.537574482758620434e+04 2.543784928258253331e+03 2.448775415459018404e+03
2.587574482758620434e+04 4.778898736048793126e+02 4.871417314526007090e+02
2.637574482758620434e+04 -1.592349115113688867e+03 -1.593652367718519827e+03
2.687574482758620434e+04 -3.708372495723569500e+03 -3.704264607755232646e+03
2.737574482758620434e+04 -5.313425324174167145e+03 -5.387664144589490206e+03
2.787574482758620434e+04 -5.921185182649896888e+03 -6.044160301249880831e+03
2.837574482758620434e+04 -5.489207346476287967e+03 -5.494798812646083206e+03
2.887574482758620434e+04 -4.249522019704882041e+03 -4.253746785443198860e+03
2.937574482758620434e+04 -2.939422609039987037e+03 -3.005322565843945540e+03
2.987574482758620434e+04 -2.114784411758242641e+03 -2.099353758606629071e+03
3.037574482758620434e+04 -1.557281481874998917e+03 -1.542382461608422545e+03
3.087574482758620434e+04 -1.243321470378273034e+03 -1.216841884383443585e+03
3.137574482758620434e+04 -1.034411889276414968e+03 -1.019800080616912851e+03
3.187574482758620434e+04 -8.850184687516521080e+02 -8.898763064296033463e+02
3.237574482758620434e+04 -8.125993925676038998e+02 -7.953176153451656774e+02
3.287574482758620434e+04 -7.058893898715190289e+02 -7.205123730500063175e+02
3.337574482758620434e+04 -6.272011437937921983e+02 -6.578189167905211434e+02
3.387574482758620434e+04 -6.134715743322821027e+02 -6.033905667399675394e+02
3.437574482758620434e+04 -5.691103511413803062e+02 -5.551745345997353525e+02
3.487574482758620434e+04 -5.030964706984868826e+02 -5.119753474841953675e+02
3.537574482758620434e+04 -4.809837801669306145e+02 -4.730190399183420027e+02
3.587574482758620434e+04 -4.143165889385916216e+02 -4.377495709745184627e+02
3.637574482758620434e+04 -4.044233951463041876e+02 -4.057326020503882660e+02
3.687574482758620434e+04 -3.669018890007934601e+02 -3.766090007324225439e+02
3.737574482758620434e+04 -3.359934114424968925e+02 -3.500714757450933234e+02
3.787574482758620434e+04 -3.306218286036632321e+02 -3.258520469256915248e+02
3.837574482758620434e+04 -3.124902737413978571e+02 -3.037146554327838430e+02
3.887574482758620434e+04 -2.797287131897647896e+02 -2.834502757264564821e+02
