2.999999999999999889e-01 0.000000000000000000e+00 0.000000000000000000e+00 7.147100814443730599e+01 1.242974054685866137e-01
2.999999999999999889e-01 0.000000000000000000e+00 2.999999999999999889e-01 7.890555511661582955e+01 1.372270523767231687e-01
2.999999999999999889e-01 0.000000000000000000e+00 5.000000000000000000e-01 8.748084883899878150e+01 1.521406066765196297e-01
2.999999999999999889e-01 0.000000000000000000e+00 6.999999999999999556e-01 9.881639763141591004e+01 1.718546045763754970e-01
2.999999999999999889e-01 0.000000000000000000e+00 9.000000000000000222e-01 1.127229675971477292e+02 1.960399436472134438e-01
2.999999999999999889e-01 0.000000000000000000e+00 1.100000000000000089e+00 1.289578116965417394e+02 2.242744551244204299e-01
2.999999999999999889e-01 -2.999999999999999889e-01 0.000000000000000000e+00 6.370733386245863272e+01 1.107953632390584892e-01
2.999999999999999889e-01 -2.999999999999999889e-01 2.999999999999999889e-01 7.175846415804547007e+01 1.247973289705138628e-01
2.999999999999999889e-01 -2.999999999999999889e-01 5.000000000000000000e-01 8.079173345090708835e+01 1.405073625233166645e-01
2.999999999999999889e-01 -2.999999999999999889e-01 6.999999999999999556e-01 9.260879065533222843e+01 1.610587663570995365e-01
2.999999999999999889e-01 -2.999999999999999889e-01 9.000000000000000222e-01 1.070080049034545624e+02 1.861008780929644668e-01
2.999999999999999889e-01 -2.999999999999999889e-01 1.100000000000000089e+00 1.237347937836088505e+02 2.151909457106240819e-01
2.999999999999999889e-01 -5.000000000000000000e-01 0.000000000000000000e+00 5.898064034551160262e+01 1.025750266878462658e-01
2.999999999999999889e-01 -5.000000000000000000e-01 2.999999999999999889e-01 6.744974034102506266e+01 1.173038962452609829e-01
2.999999999999999889e-01 -5.000000000000000000e-01 5.000000000000000000e-01 7.678748298977066611e+01 1.335434486778620256e-01
2.999999999999999889e-01 -5.000000000000000000e-01 6.999999999999999556e-01 8.892035992083218332e+01 1.546441042101429353e-01
2.999999999999999889e-01 -5.000000000000000000e-01 9.000000000000000222e-01 1.036387218602046403e+02 1.802412554090515595e-01
2.999999999999999889e-01 -5.000000000000000000e-01 1.100000000000000089e+00 1.206805177658641526e+02 2.098791613319376526e-01
2.999999999999999889e-01 -6.999999999999999556e-01 0.000000000000000000e+00 5.462701055978562437e+01 9.500349662571412612e-02
2.999999999999999889e-01 -6.999999999999999556e-01 2.999999999999999889e-01 6.351808671074851276e+01 1.104662377578235072e-01
2.999999999999999889e-01 -6.999999999999999556e-01 5.000000000000000000e-01 7.315842082629123411e+01 1.272320362196369403e-01
2.999999999999999889e-01 -6.999999999999999556e-01 6.999999999999999556e-01 8.560167188154572671e+01 1.488724728374708206e-01
2.999999999999999889e-01 -6.999999999999999556e-01 9.000000000000000222e-01 1.006304254133334837e+02 1.750094355014495395e-01
2.999999999999999889e-01 -6.999999999999999556e-01 1.100000000000000089e+00 1.179755518053026293e+02 2.051748727048741394e-01
2.999999999999999889e-01 -9.000000000000000222e-01 0.000000000000000000e+00 5.065703819299685051e+01 8.809919685738583361e-02
2.999999999999999889e-01 -9.000000000000000222e-01 2.999999999999999889e-01 5.997271604413356272e+01 1.043003757289279326e-01
2.999999999999999889e-01 -9.000000000000000222e-01 5.000000000000000000e-01 6.991270567117825863e+01 1.215873142107447985e-01
2.999999999999999889e-01 -9.000000000000000222e-01 6.999999999999999556e-01 8.265977900582852556e+01 1.437561374014409143e-01
2.999999999999999889e-01 -9.000000000000000222e-01 9.000000000000000222e-01 9.798905673275490358e+01 1.704157508395737486e-01
2.999999999999999889e-01 -9.000000000000000222e-01 1.100000000000000089e+00 1.156247632479802121e+02 2.010865447790960159e-01
2.999999999999999889e-01 -1.100000000000000089e+00 0.000000000000000000e+00 4.708012666595555373e+01 8.187848115818356642e-02
2.999999999999999889e-01 -1.100000000000000089e+00 2.999999999999999889e-01 5.682159791842548202e+01 9.882017029291388643e-02
2.999999999999999889e-01 -1.100000000000000089e+00 5.000000000000000000e-01 6.705724631742418751e+01 1.166212979433464136e-01
2.999999999999999889e-01 -1.100000000000000089e+00 6.999999999999999556e-01 8.010050022325421537e+01 1.393052177795725544e-01
2.999999999999999889e-01 -1.100000000000000089e+00 9.000000000000000222e-01 9.571936125027838216e+01 1.664684543483102297e-01
2.999999999999999889e-01 -1.100000000000000089e+00 1.100000000000000089e+00 1.136318798740431930e+02 1.976206606505098995e-01
2.999999999999999889e-01 -1.300000000000000044e+00 0.000000000000000000e+00 4.390440984514795275e+01 7.635549538286599824e-02
2.999999999999999889e-01 -1.300000000000000044e+00 2.999999999999999889e-01 5.407139222232177644e+01 9.403720386490743710e-02
2.999999999999999889e-01 -1.300000000000000044e+00 5.000000000000000000e-01 6.459764523437222294e+01 1.123437308423864689e-01
2.999999999999999889e-01 -1.300000000000000044e+00 6.999999999999999556e-01 7.792837508695993165e+01 1.355276088468868323e-01
2.999999999999999889e-01 -1.300000000000000044e+00 9.000000000000000222e-01 9.382485323551455281e+01 1.631736578008948779e-01
2.999999999999999889e-01 -1.300000000000000044e+00 1.100000000000000089e+00 1.119994641852758264e+02 1.947816768439579460e-01
2.999999999999999889e-01 -1.500000000000000000e+00 0.000000000000000000e+00 4.113668368024116262e+01 7.154205857433246218e-02
2.999999999999999889e-01 -1.500000000000000000e+00 2.999999999999999889e-01 5.172739448745431901e+01 8.996068606513794863e-02
2.999999999999999889e-01 -1.500000000000000000e+00 5.000000000000000000e-01 6.253815414943893813e+01 1.087620072164155460e-01
2.999999999999999889e-01 -1.500000000000000000e+00 6.999999999999999556e-01 7.614662973940741608e+01 1.324289212859259546e-01
2.999999999999999889e-01 -1.500000000000000000e+00 9.000000000000000222e-01 9.230779167210229730e+01 1.605352898645257265e-01
2.999999999999999889e-01 -1.500000000000000000e+00 1.100000000000000089e+00 1.107288982308549095e+02 1.925719969232259354e-01
2.999999999999999889e-01 -1.699999999999999956e+00 0.000000000000000000e+00 3.878234995081751180e+01 6.744756513185654057e-02
2.999999999999999889e-01 -1.699999999999999956e+00 2.999999999999999889e-01 4.979349398196453791e+01 8.659738083819919219e-02
2.999999999999999889e-01 -1.699999999999999956e+00 5.000000000000000000e-01 6.088164236754261083e+01 1.058811171609436719e-01
2.999999999999999889e-01 -1.699999999999999956e+00 6.999999999999999556e-01 7.475715523500947768e+01 1.300124438869730004e-01
2.999999999999999889e-01 -1.699999999999999956e+00 9.000000000000000222e-01 9.116916780151416333e+01 1.585550744374159271e-01
2.999999999999999889e-01 -1.699999999999999956e+00 1.100000000000000089e+00 1.098203791747191502e+02 1.909919637821202720e-01
2.999999999999999889e-01 -1.899999999999999911e+00 0.000000000000000000e+00 3.684537309762198021e+01 6.407890973499474896e-02
2.999999999999999889e-01 -1.899999999999999911e+00 2.999999999999999889e-01 4.827214527678472678e+01 8.395155700310387437e-02
2.999999999999999889e-01 -1.899999999999999911e+00 5.000000000000000000e-01 5.962957834436799232e+01 1.037036145119443337e-01
2.999999999999999889e-01 -1.899999999999999911e+00 6.999999999999999556e-01 7.376049854588870858e+01 1.282791279058934086e-01
2.999999999999999889e-01 -1.899999999999999911e+00 9.000000000000000222e-01 9.040870448944477289e+01 1.572325295468604833e-01
2.999999999999999889e-01 -1.899999999999999911e+00 1.100000000000000089e+00 1.092729256166511078e+02 1.900398706376540958e-01
2.999999999999999889e-01 2.100000000000000089e+00 0.000000000000000000e+00 1.444801426225897387e+02 2.512698132566777987e-01
2.999999999999999889e-01 2.100000000000000089e+00 2.999999999999999889e-01 1.482188758455894231e+02 2.577719579923294368e-01
2.999999999999999889e-01 2.100000000000000089e+00 5.000000000000000000e-01 1.537892453343932004e+02 2.674595571032925001e-01
2.999999999999999889e-01 2.100000000000000089e+00 6.999999999999999556e-01 1.617740989719855520e+02 2.813462590817140119e-01
2.999999999999999889e-01 2.100000000000000089e+00 9.000000000000000222e-01 1.720710496338692508e+02 2.992539993632508666e-01
2.999999999999999889e-01 2.100000000000000089e+00 1.100000000000000089e+00 1.845285909131642370e+02 3.209192885446334742e-01
1.000000000000000056e-01 0.000000000000000000e+00 0.000000000000000000e+00 5.978819146143942476e+01 1.039794634111989996e-01
1.000000000000000056e-01 0.000000000000000000e+00 2.999999999999999889e-01 5.838429992550472747e+01 1.015379129139212661e-01
1.000000000000000056e-01 0.000000000000000000e+00 5.000000000000000000e-01 6.198770238674187283e+01 1.078046998030293413e-01
1.000000000000000056e-01 0.000000000000000000e+00 6.999999999999999556e-01 6.925177054809719834e+01 1.204378618227777420e-01
1.000000000000000056e-01 0.000000000000000000e+00 9.000000000000000222e-01 8.007390376305747282e+01 1.392589630661869027e-01
1.000000000000000056e-01 0.000000000000000000e+00 1.100000000000000089e+00 9.424417705050578320e+01 1.639029166095752887e-01
1.000000000000000056e-01 -2.999999999999999889e-01 0.000000000000000000e+00 5.201647139818177834e+01 9.046342851857699929e-02
1.000000000000000056e-01 -2.999999999999999889e-01 2.999999999999999889e-01 5.122287891544661420e+01 8.908326767903758381e-02
1.000000000000000056e-01 -2.999999999999999889e-01 5.000000000000000000e-01 5.530866519943234039e+01 9.618898295553450495e-02
1.000000000000000056e-01 -2.999999999999999889e-01 6.999999999999999556e-01 6.309858450668598095e+01 1.097366687072799663e-01
1.000000000000000056e-01 -2.999999999999999889e-01 9.000000000000000222e-01 7.447310288646968957e+01 1.295184398025559791e-01
1.000000000000000056e-01 -2.999999999999999889e-01 1.100000000000000089e+00 8.920481564029083188e+01 1.551388098092014445e-01
1.000000000000000056e-01 -5.000000000000000000e-01 0.000000000000000000e+00 4.739936628428654330e+01 8.243368049441138212e-02
1.000000000000000056e-01 -5.000000000000000000e-01 2.999999999999999889e-01 4.703524765010125464e+01 8.180043069582826343e-02
1.000000000000000056e-01 -5.000000000000000000e-01 5.000000000000000000e-01 5.144963093710226332e+01 8.947761902104740817e-02
1.000000000000000056e-01 -5.000000000000000000e-01 6.999999999999999556e-01 5.959014088476362048e+01 1.036350276256758629e-01
1.000000000000000056e-01 -5.000000000000000000e-01 9.000000000000000222e-01 7.132594365675284109e+01 1.240451194030484233e-01
1.000000000000000056e-01 -5.000000000000000000e-01 1.100000000000000089e+00 8.641837269085908702e+01 1.502928220710592899e-01
1.000000000000000056e-01 -6.999999999999999556e-01 0.000000000000000000e+00 4.324939791335400230e+01 7.521634419713739417e-02
1.000000000000000056e-01 -6.999999999999999556e-01 2.999999999999999889e-01 4.333108237628344739e+01 7.535840413266686744e-02
1.000000000000000056e-01 -6.999999999999999556e-01 5.000000000000000000e-01 4.807813564445855548e+01 8.361414894688444510e-02
1.000000000000000056e-01 -6.999999999999999556e-01 6.999999999999999556e-01 5.656752257718427757e+01 9.837830013423352893e-02
1.000000000000000056e-01 -6.999999999999999556e-01 9.000000000000000222e-01 6.865719574822699656e+01 1.194038186925686917e-01
1.000000000000000056e-01 -6.999999999999999556e-01 1.100000000000000089e+00 8.409763751770552176e+01 1.462567609003574409e-01
1.000000000000000056e-01 -9.000000000000000222e-01 0.000000000000000000e+00 3.957822975594467607e+01 6.883170392338204546e-02
1.000000000000000056e-01 -9.000000000000000222e-01 2.999999999999999889e-01 4.012035489561666424e+01 6.977453025324636959e-02
1.000000000000000056e-01 -9.000000000000000222e-01 5.000000000000000000e-01 4.520276562573916834e+01 7.861350543606811236e-02
1.000000000000000056e-01 -9.000000000000000222e-01 6.999999999999999556e-01 5.403780877284739148e+01 9.397879786582155615e-02
1.000000000000000056e-01 -9.000000000000000222e-01 9.000000000000000222e-01 6.647239234119146545e+01 1.156041605933764566e-01
1.000000000000000056e-01 -9.000000000000000222e-01 1.100000000000000089e+00 8.224663897305454441e+01 1.430376329966165927e-01
1.000000000000000056e-01 -1.100000000000000089e+00 0.000000000000000000e+00 3.639564441439451059e+01 6.329677289459914591e-02
1.000000000000000056e-01 -1.100000000000000089e+00 2.999999999999999889e-01 3.741100922685090069e+01 6.506262474234938975e-02
1.000000000000000056e-01 -1.100000000000000089e+00 5.000000000000000000e-01 4.283003297924602748e+01 7.448701387694961484e-02
1.000000000000000056e-01 -1.100000000000000089e+00 6.999999999999999556e-01 5.200600395972956846e+01 9.044522427779055906e-02
1.000000000000000056e-01 -1.100000000000000089e+00 9.000000000000000222e-01 6.477503687611304883e+01 1.126522380454139938e-01
1.000000000000000056e-01 -1.100000000000000089e+00 1.100000000000000089e+00 8.086746219245092959e+01 1.406390646825233515e-01
1.000000000000000056e-01 -1.300000000000000044e+00 0.000000000000000000e+00 3.370944541435262920e+01 5.862512245974370317e-02
1.000000000000000056e-01 -1.300000000000000044e+00 2.999999999999999889e-01 3.520888306242669330e+01 6.123284010856816506e-02
1.000000000000000056e-01 -1.300000000000000044e+00 5.000000000000000000e-01 4.096431367506783516e+01 7.124228465229189011e-02
1.000000000000000056e-01 -1.300000000000000044e+00 6.999999999999999556e-01 5.047499395803823319e+01 8.778259818789257984e-02
1.000000000000000056e-01 -1.300000000000000044e+00 9.000000000000000222e-01 6.356657695788088347e+01 1.105505686224015349e-01
1.000000000000000056e-01 -1.300000000000000044e+00 1.100000000000000089e+00 7.996023898458969370e+01 1.390612851905907721e-01
1.000000000000000056e-01 -1.500000000000000000e+00 0.000000000000000000e+00 3.152538088292464735e+01 5.482674936160808477e-02
1.000000000000000056e-01 -1.500000000000000000e+00 2.999999999999999889e-01 3.351765363458939362e+01 5.829157153841633965e-02
1.000000000000000056e-01 -1.500000000000000000e+00 5.000000000000000000e-01 3.960781077410344864e+01 6.888314917235383028e-02
1.000000000000000056e-01 -1.500000000000000000e+00 6.999999999999999556e-01 4.944552696678881887e+01 8.599222081180664390e-02
1.000000000000000056e-01 -1.500000000000000000e+00 9.000000000000000222e-01 6.284640231672454291e+01 1.092980909856079014e-01
1.000000000000000056e-01 -1.500000000000000000e+00 1.100000000000000089e+00 7.952316061828561544e+01 1.383011489013662998e-01
1.000000000000000056e-01 -1.699999999999999956e+00 0.000000000000000000e+00 2.984709069141631232e+01 5.190798381115880461e-02
1.000000000000000056e-01 -1.699999999999999956e+00 2.999999999999999889e-01 3.233880908501343754e+01 5.624140710437119245e-02
1.000000000000000056e-01 -1.699999999999999956e+00 5.000000000000000000e-01 3.876054348159536289e+01 6.740964083755715541e-02
1.000000000000000056e-01 -1.699999999999999956e+00 6.999999999999999556e-01 4.891621990165177181e+01 8.507168678548134022e-02
1.000000000000000056e-01 -1.699999999999999956e+00 9.000000000000000222e-01 6.261186671655980973e+01 1.088902029853214132e-01
1.000000000000000056e-01 -1.699999999999999956e+00 1.100000000000000089e+00 7.955251257355072880e+01 1.383521957800882274e-01
1.000000000000000056e-01 -1.899999999999999911e+00 0.000000000000000000e+00 2.867607812015030078e+01 4.987144020895704216e-02
1.000000000000000056e-01 -1.899999999999999911e+00 2.999999999999999889e-01 3.167164584385873383e+01 5.508112320671083861e-02
1.000000000000000056e-01 -1.899999999999999911e+00 5.000000000000000000e-01 3.842036212794533867e+01 6.681802109207884977e-02
1.000000000000000056e-01 -1.899999999999999911e+00 6.999999999999999556e-01 4.888358971755760507e+01 8.501493863923061112e-02
1.000000000000000056e-01 -1.899999999999999911e+00 9.000000000000000222e-01 6.285833315883442651e+01 1.093188402762337863e-01
1.000000000000000056e-01 -1.899999999999999911e+00 1.100000000000000089e+00 8.004273034185820279e+01 1.392047484206229702e-01
1.000000000000000056e-01 2.100000000000000089e+00 0.000000000000000000e+00 1.376673723692052249e+02 2.394215171638351680e-01
1.000000000000000056e-01 2.100000000000000089e+00 2.999999999999999889e-01 1.333625936270058503e+02 2.319349454382710340e-01
1.000000000000000056e-01 2.100000000000000089e+00 5.000000000000000000e-01 1.342099620574337280e+02 2.334086296651021464e-01
1.000000000000000056e-01 2.100000000000000089e+00 6.999999999999999556e-01 1.381389513745470197e+02 2.402416545644296131e-01
1.000000000000000056e-01 2.100000000000000089e+00 9.000000000000000222e-01 1.451469258037080579e+02 2.524294361803618436e-01
1.000000000000000056e-01 2.100000000000000089e+00 1.100000000000000089e+00 1.551442833693607213e+02 2.698161449901925746e-01
0.000000000000000000e+00 0.000000000000000000e+00 0.000000000000000000e+00 6.040943192302891873e+01 1.050598816052676909e-01
0.000000000000000000e+00 0.000000000000000000e+00 2.999999999999999889e-01 5.315032738510477373e+01 9.243535197409526172e-02
0.000000000000000000e+00 0.000000000000000000e+00 5.000000000000000000e-01 5.321239110265436523e+01 9.254328887418150629e-02
0.000000000000000000e+00 0.000000000000000000e+00 6.999999999999999556e-01 5.737594521353553034e+01 9.978425254527918675e-02
0.000000000000000000e+00 0.000000000000000000e+00 9.000000000000000222e-01 6.564090873881261246e+01 1.141581021544567226e-01
0.000000000000000000e+00 0.000000000000000000e+00 1.100000000000000089e+00 7.786523544167823729e+01 1.354178007681360596e-01
0.000000000000000000e+00 -2.999999999999999889e-01 0.000000000000000000e+00 5.281946202229876519e+01 9.185993395182394383e-02
0.000000000000000000e+00 -2.999999999999999889e-01 2.999999999999999889e-01 4.615911589499339129e+01 8.027672329564068676e-02
0.000000000000000000e+00 -2.999999999999999889e-01 5.000000000000000000e-01 4.671208511926937490e+01 8.123840890307718055e-02
0.000000000000000000e+00 -2.999999999999999889e-01 6.999999999999999556e-01 5.142237707112816025e+01 8.943022099326636276e-02
0.000000000000000000e+00 -2.999999999999999889e-01 9.000000000000000222e-01 6.027077949818039571e+01 1.048187469533572030e-01
0.000000000000000000e+00 -2.999999999999999889e-01 1.100000000000000089e+00 7.309440942541635877e+01 1.271207120442023608e-01
0.000000000000000000e+00 -5.000000000000000000e-01 0.000000000000000000e+00 4.838371745515411249e+01 8.414559557418106739e-02
0.000000000000000000e+00 -5.000000000000000000e-01 2.999999999999999889e-01 4.215772571733309348e+01 7.331778385623147209e-02
0.000000000000000000e+00 -5.000000000000000000e-01 5.000000000000000000e-01 4.305209430059137077e+01 7.487320747928934150e-02
0.000000000000000000e+00 -5.000000000000000000e-01 6.999999999999999556e-01 4.813243540715268409e+01 8.370858331678728004e-02
0.000000000000000000e+00 -5.000000000000000000e-01 9.000000000000000222e-01 5.736640176590445606e+01 9.976765524505122607e-02
0.000000000000000000e+00 -5.000000000000000000e-01 1.100000000000000089e+00 7.057741448418892105e+01 1.227433295377198669e-01
0.000000000000000000e+00 -6.999999999999999556e-01 0.000000000000000000e+00 4.446367056043310129e+01 7.732812271379670144e-02
0.000000000000000000e+00 -6.999999999999999556e-01 2.999999999999999889e-01 3.869829906979747136e+01 6.730138968660430432e-02
0.000000000000000000e+00 -6.999999999999999556e-01 5.000000000000000000e-01 3.994363960262148794e+01 6.946719930890693506e-02
0.000000000000000000e+00 -6.999999999999999556e-01 6.999999999999999556e-01 4.539646592804049874e+01 7.895037552702695305e-02
0.000000000000000000e+00 -6.999999999999999556e-01 9.000000000000000222e-01 5.501111145532016877e+01 9.567149818316550425e-02
0.000000000000000000e+00 -6.999999999999999556e-01 1.100000000000000089e+00 6.859758913400222013e+01 1.193001550156560370e-01
0.000000000000000000e+00 -9.000000000000000222e-01 0.000000000000000000e+00 4.107086461722708748e+01 7.142759063865580793e-02
0.000000000000000000e+00 -9.000000000000000222e-01 2.999999999999999889e-01 3.579048062449386691e+01 6.224431412955454962e-02
0.000000000000000000e+00 -9.000000000000000222e-01 5.000000000000000000e-01 3.739475664520092124e+01 6.503435938295812346e-02
0.000000000000000000e+00 -9.000000000000000222e-01 6.999999999999999556e-01 4.322072230819902927e+01 7.516647357947657537e-02
0.000000000000000000e+00 -9.000000000000000222e-01 9.000000000000000222e-01 5.320931566312307126e+01 9.253794028369229097e-02
0.000000000000000000e+00 -9.000000000000000222e-01 1.100000000000000089e+00 6.715754012192844868e+01 1.167957219511799039e-01
0.000000000000000000e+00 -1.100000000000000089e+00 0.000000000000000000e+00 3.821453596551135234e+01 6.646006254871539287e-02
0.000000000000000000e+00 -1.100000000000000089e+00 2.999999999999999889e-01 3.344137486776983792e+01 5.815891281351276421e-02
0.000000000000000000e+00 -1.100000000000000089e+00 5.000000000000000000e-01 3.541085090898702248e+01 6.158408853736873495e-02
0.000000000000000000e+00 -1.100000000000000089e+00 6.999999999999999556e-01 4.160880081804599939e+01 7.236313185747129950e-02
0.000000000000000000e+00 -1.100000000000000089e+00 9.000000000000000222e-01 5.196280180691411488e+01 9.037009009898107348e-02
0.000000000000000000e+00 -1.100000000000000089e+00 1.100000000000000089e+00 6.625735319189195138e+01 1.152301794641599209e-01
0.000000000000000000e+00 -1.300000000000000044e+00 0.000000000000000000e+00 3.590151495348565192e+01 6.243741731040983178e-02
0.000000000000000000e+00 -1.300000000000000044e+00 2.999999999999999889e-01 3.165547235574514673e+01 5.505299540129590663e-02
0.000000000000000000e+00 -1.300000000000000044e+00 5.000000000000000000e-01 3.399464595082945806e+01 5.912112339274688128e-02
0.000000000000000000e+00 -1.300000000000000044e+00 6.999999999999999556e-01 4.056161254250589820e+01 7.054193485653199869e-02
0.000000000000000000e+00 -1.300000000000000044e+00 9.000000000000000222e-01 5.127073377483694117e+01 8.916649352145554486e-02
0.000000000000000000e+00 -1.300000000000000044e+00 1.100000000000000089e+00 6.589461106166638160e+01 1.145993235855067571e-01
0.000000000000000000e+00 -1.500000000000000000e+00 0.000000000000000000e+00 3.413615657617690147e+01 5.936722882813374319e-02
0.000000000000000000e+00 -1.500000000000000000e+00 2.999999999999999889e-01 3.043460982955149063e+01 5.292975622530694119e-02
0.000000000000000000e+00 -1.500000000000000000e+00 5.000000000000000000e-01 3.314616691779339419e+01 5.764550768311894891e-02
0.000000000000000000e+00 -1.500000000000000000e+00 6.999999999999999556e-01 4.007739103360711397e+01 6.969981049322976352e-02
0.000000000000000000e+00 -1.500000000000000000e+00 9.000000000000000222e-01 5.112968233035331878e+01 8.892118666148403350e-02
0.000000000000000000e+00 -1.500000000000000000e+00 1.100000000000000089e+00 6.606444332379774664e+01 1.148946840413873904e-01
0.000000000000000000e+00 -1.699999999999999956e+00 0.000000000000000000e+00 3.292030232816843238e+01 5.725269970116249330e-02
0.000000000000000000e+00 -1.699999999999999956e+00 2.999999999999999889e-01 2.977796499134363728e+01 5.178776520233675795e-02
0.000000000000000000e+00 -1.699999999999999956e+00 5.000000000000000000e-01 3.286275955755842659e+01 5.715262531749291247e-02
0.000000000000000000e+00 -1.699999999999999956e+00 6.999999999999999556e-01 4.015173496981931578e+01 6.982910429533793761e-02
0.000000000000000000e+00 -1.699999999999999956e+00 9.000000000000000222e-01 5.153368877088852429e+01 8.962380655806699570e-02
0.000000000000000000e+00 -1.699999999999999956e+00 1.100000000000000089e+00 6.675960680808510972e+01 1.161036640140610671e-01
0.000000000000000000e+00 -1.899999999999999911e+00 0.000000000000000000e+00 3.225327402539284094e+01 5.609265047894407274e-02
0.000000000000000000e+00 -1.899999999999999911e+00 2.999999999999999889e-01 2.968208585786231879e+01 5.162101888323881310e-02
0.000000000000000000e+00 -1.899999999999999911e+00 5.000000000000000000e-01 3.313914401237707352e+01 5.763329393456882027e-02
0.000000000000000000e+00 -1.899999999999999911e+00 6.999999999999999556e-01 4.077768450567321423e+01 7.091771218377949937e-02
0.000000000000000000e+00 -1.899999999999999911e+00 9.000000000000000222e-01 5.247436001579471565e+01 9.125975654920820412e-02
0.000000000000000000e+00 -1.899999999999999911e+00 1.100000000000000089e+00 6.797059421955964353e+01 1.182097290774950377e-01
0.000000000000000000e+00 2.100000000000000089e+00 0.000000000000000000e+00 1.396295402169438944e+02 2.428339829859893773e-01
0.000000000000000000e+00 2.100000000000000089e+00 2.999999999999999889e-01 1.301302839287706092e+02 2.263135372674271450e-01
0.000000000000000000e+00 2.100000000000000089e+00 5.000000000000000000e-01 1.277315525463836821e+02 2.221418305154498896e-01
0.000000000000000000e+00 2.100000000000000089e+00 6.999999999999999556e-01 1.287168578584857528e+02 2.238554049712795646e-01
0.000000000000000000e+00 2.100000000000000089e+00 9.000000000000000222e-01 1.331811016277412705e+02 2.316193071786804836e-01
0.000000000000000000e+00 2.100000000000000089e+00 1.100000000000000089e+00 1.411110283041286380e+02 2.454104840071802407e-01
-1.000000000000000056e-01 0.000000000000000000e+00 0.000000000000000000e+00 6.715272825511146948e+01 1.167873534871503860e-01
-1.000000000000000056e-01 0.000000000000000000e+00 2.999999999999999889e-01 5.314319121460552253e+01 9.242294124279221146e-02
-1.000000000000000056e-01 0.000000000000000000e+00 5.000000000000000000e-01 4.890141676023681327e+01 8.504594219171619784e-02
-1.000000000000000056e-01 0.000000000000000000e+00 6.999999999999999556e-01 4.912210138801942350e+01 8.542974154438161272e-02
-1.000000000000000056e-01 0.000000000000000000e+00 9.000000000000000222e-01 5.396294426437046354e+01 9.384859872064428565e-02
-1.000000000000000056e-01 0.000000000000000000e+00 1.100000000000000089e+00 6.340584695660213299e+01 1.102710381853950206e-01
-1.000000000000000056e-01 -2.999999999999999889e-01 0.000000000000000000e+00 5.990177605210589462e+01 1.041770018297493855e-01
-1.000000000000000056e-01 -2.999999999999999889e-01 2.999999999999999889e-01 4.648000394623375087e+01 8.083478947171086892e-02
-1.000000000000000056e-01 -2.999999999999999889e-01 5.000000000000000000e-01 4.273844462766274432e+01 7.432772978723956037e-02
-1.000000000000000056e-01 -2.999999999999999889e-01 6.999999999999999556e-01 4.352882107297345016e+01 7.570229751821469510e-02
-1.000000000000000056e-01 -2.999999999999999889e-01 9.000000000000000222e-01 4.898781059179171393e+01 8.519619233355080201e-02
-1.000000000000000056e-01 -2.999999999999999889e-01 1.100000000000000089e+00 5.907284409000872216e+01 1.027353810261021211e-01
-1.000000000000000056e-01 -5.000000000000000000e-01 0.000000000000000000e+00 5.574936465916464101e+01 9.695541679854720318e-02
-1.000000000000000056e-01 -5.000000000000000000e-01 2.999999999999999889e-01 4.277087806094652223e+01 7.438413575816786583e-02
-1.000000000000000056e-01 -5.000000000000000000e-01 5.000000000000000000e-01 3.938690769971803718e+01 6.849896991255310930e-02
-1.000000000000000056e-01 -5.000000000000000000e-01 6.999999999999999556e-01 4.057107995065734940e+01 7.055839991418669244e-02
-1.000000000000000056e-01 -5.000000000000000000e-01 9.000000000000000222e-01 4.644503183717868922e+01 8.077396841248467296e-02
-1.000000000000000056e-01 -5.000000000000000000e-01 1.100000000000000089e+00 5.694962682420523947e+01 9.904282925948737493e-02
-1.000000000000000056e-01 -6.999999999999999556e-01 0.000000000000000000e+00 5.215817069765390102e+01 9.070986208287634689e-02
-1.000000000000000056e-01 -6.999999999999999556e-01 2.999999999999999889e-01 3.966206442265983156e+01 6.897750334375622738e-02
-1.000000000000000056e-01 -6.999999999999999556e-01 5.000000000000000000e-01 3.665298667009446376e+01 6.374432464364254702e-02
-1.000000000000000056e-01 -6.999999999999999556e-01 6.999999999999999556e-01 3.823978973854488572e+01 6.650398215399110080e-02
-1.000000000000000056e-01 -6.999999999999999556e-01 9.000000000000000222e-01 4.452839922178416288e+01 7.744069429875506672e-02
-1.000000000000000056e-01 -6.999999999999999556e-01 1.100000000000000089e+00 5.544308423996558588e+01 9.642275519994014665e-02
-1.000000000000000056e-01 -9.000000000000000222e-01 0.000000000000000000e+00 4.913894145554790072e+01 8.545902861834417386e-02
-1.000000000000000056e-01 -9.000000000000000222e-01 2.999999999999999889e-01 3.716211513048934023e+01 6.462976544432928738e-02
-1.000000000000000056e-01 -9.000000000000000222e-01 5.000000000000000000e-01 3.454332138344656755e+01 6.007534153642881541e-02
-1.000000000000000056e-01 -9.000000000000000222e-01 6.999999999999999556e-01 3.653943851907234830e+01 6.354684959838668989e-02
-1.000000000000000056e-01 -9.000000000000000222e-01 9.000000000000000222e-01 4.324015036885586483e+01 7.520026151105367596e-02
-1.000000000000000056e-01 -9.000000000000000222e-01 1.100000000000000089e+00 5.455325798597083775e+01 9.487523127994927641e-02
-1.000000000000000056e-01 -1.100000000000000089e+00 0.000000000000000000e+00 4.669966731114612912e+01 8.121681271503675137e-02
-1.000000000000000056e-01 -1.100000000000000089e+00 2.999999999999999889e-01 3.527647136069727907e+01 6.135038497512570327e-02
-1.000000000000000056e-01 -1.100000000000000089e+00 5.000000000000000000e-01 3.306128305519131061e+01 5.749788357424575475e-02
-1.000000000000000056e-01 -1.100000000000000089e+00 6.999999999999999556e-01 3.547117009556662737e+01 6.168899147055065951e-02
-1.000000000000000056e-01 -1.100000000000000089e+00 9.000000000000000222e-01 4.257919315909370539e+01 7.405077071146731749e-02
-1.000000000000000056e-01 -1.100000000000000089e+00 1.100000000000000089e+00 5.427696313670104900e+01 9.439471849861051644e-02
-1.000000000000000056e-01 -1.300000000000000044e+00 0.000000000000000000e+00 4.484549295050094742e+01 7.799216165304512227e-02
-1.000000000000000056e-01 -1.300000000000000044e+00 2.999999999999999889e-01 3.400740867165247039e+01 5.914331942896081801e-02
-1.000000000000000056e-01 -1.300000000000000044e+00 5.000000000000000000e-01 3.220694961119088617e+01 5.601208628033197551e-02
-1.000000000000000056e-01 -1.300000000000000044e+00 6.999999999999999556e-01 3.503279245646244533e+01 6.092659557645642432e-02
-1.000000000000000056e-01 -1.300000000000000044e+00 9.000000000000000222e-01 4.254114723999418857e+01 7.398460389564207040e-02
-1.000000000000000056e-01 -1.300000000000000044e+00 1.100000000000000089e+00 5.460785944453176910e+01 9.497019033831612111e-02
-1.000000000000000056e-01 -1.500000000000000000e+00 0.000000000000000000e+00 4.357866718989701837e+01 7.578898641721221185e-02
-1.000000000000000056e-01 -1.500000000000000000e+00 2.999999999999999889e-01 3.335402750506843716e+01 5.800700435664075949e-02
-1.000000000000000056e-01 -1.500000000000000000e+00 5.000000000000000000e-01 3.197712883841538911e+01 5.561239797985285255e-02
-1.000000000000000056e-01 -1.500000000000000000e+00 6.999999999999999556e-01 3.521883476846215189e+01 6.125014742341243490e-02
-1.000000000000000056e-01 -1.500000000000000000e+00 9.000000000000000222e-01 4.311843276106517209e+01 7.498857871489594817e-02
-1.000000000000000056e-01 -1.500000000000000000e+00 1.100000000000000089e+00 5.553656666905490624e+01 9.658533333748679783e-02
-1.000000000000000056e-01 -1.699999999999999956e+00 0.000000000000000000e+00 4.289853250282345698e+01 7.460614348317122502e-02
-1.000000000000000056e-01 -1.699999999999999956e+00 2.999999999999999889e-01 3.331228885994443090e+01 5.793441540859901179e-02
-1.000000000000000056e-01 -1.699999999999999956e+00 5.000000000000000000e-01 3.236542838140663747e+01 5.628770153288110978e-02
-1.000000000000000056e-01 -1.699999999999999956e+00 6.999999999999999556e-01 3.602065095799963501e+01 6.264461036173848973e-02
-1.000000000000000056e-01 -1.699999999999999956e+00 9.000000000000000222e-01 4.430040351057992609e+01 7.704418001839986874e-02
-1.000000000000000056e-01 -1.699999999999999956e+00 1.100000000000000089e+00 5.705082047889786168e+01 9.921881822417019658e-02
-1.000000000000000056e-01 -1.899999999999999911e+00 0.000000000000000000e+00 4.280155428789586125e+01 7.443748571807976000e-02
-1.000000000000000056e-01 -1.899999999999999911e+00 2.999999999999999889e-01 3.387509386436391168e+01 5.891320672063288938e-02
-1.000000000000000056e-01 -1.899999999999999911e+00 5.000000000000000000e-01 3.336237031934077635e+01 5.802151359885352605e-02
-1.000000000000000056e-01 -1.899999999999999911e+00 6.999999999999999556e-01 3.742656666840704105e+01 6.508968116244702451e-02
-1.000000000000000056e-01 -1.899999999999999911e+00 9.000000000000000222e-01 4.607352045993746259e+01 8.012786166945645716e-02
-1.000000000000000056e-01 -1.899999999999999911e+00 1.100000000000000089e+00 5.913566441165104948e+01 1.028446337593931365e-01
-1.000000000000000056e-01 2.100000000000000089e+00 0.000000000000000000e+00 1.465948657692125323e+02 2.549475926421087557e-01
-1.000000000000000056e-01 2.100000000000000089e+00 2.999999999999999889e-01 1.311672318433803071e+02 2.281169249450092362e-01
-1.000000000000000056e-01 2.100000000000000089e+00 5.000000000000000000e-01 1.248863646472898523e+02 2.171936776474606146e-01
-1.000000000000000056e-01 2.100000000000000089e+00 6.999999999999999556e-01 1.222105210572822500e+02 2.125400366213604231e-01
-1.000000000000000056e-01 2.100000000000000089e+00 9.000000000000000222e-01 1.233735847884273795e+02 2.145627561537867545e-01
-1.000000000000000056e-01 2.100000000000000089e+00 1.100000000000000089e+00 1.284843725680208308e+02 2.234510827269927391e-01
-2.999999999999999889e-01 0.000000000000000000e+00 0.000000000000000000e+00 1.047631378959308392e+02 1.821967615581406019e-01
-2.999999999999999889e-01 0.000000000000000000e+00 2.999999999999999889e-01 7.570285280778735171e+01 1.316571353178910553e-01
-2.999999999999999889e-01 0.000000000000000000e+00 5.000000000000000000e-01 6.095923222870379732e+01 1.060160560499196492e-01
-2.999999999999999889e-01 0.000000000000000000e+00 6.999999999999999556e-01 5.081025656174251992e+01 8.836566358563915924e-02
-2.999999999999999889e-01 0.000000000000000000e+00 9.000000000000000222e-01 4.589589492640480017e+01 7.981894769809530499e-02
-2.999999999999999889e-01 0.000000000000000000e+00 1.100000000000000089e+00 4.666413783449282704e+01 8.115502232085708423e-02
-2.999999999999999889e-01 -2.999999999999999889e-01 0.000000000000000000e+00 9.869893922308204992e+01 1.716503290836209616e-01
-2.999999999999999889e-01 -2.999999999999999889e-01 2.999999999999999889e-01 7.023998097935520946e+01 1.221564886597481941e-01
-2.999999999999999889e-01 -2.999999999999999889e-01 5.000000000000000000e-01 5.603911077794715112e+01 9.745932309208199529e-02
-2.999999999999999889e-01 -2.999999999999999889e-01 6.999999999999999556e-01 4.653345421973386209e+01 8.092774646910236291e-02
-2.999999999999999889e-01 -2.999999999999999889e-01 9.000000000000000222e-01 4.234002608981131743e+01 7.363482798228054849e-02
-2.999999999999999889e-01 -2.999999999999999889e-01 1.100000000000000089e+00 4.387461732145010274e+01 7.630368229817409420e-02
-2.999999999999999889e-01 -5.000000000000000000e-01 0.000000000000000000e+00 9.542164865213906921e+01 1.659506933080679425e-01
-2.999999999999999889e-01 -5.000000000000000000e-01 2.999999999999999889e-01 6.745634486038386513e+01 1.173153823658849848e-01
-2.999999999999999889e-01 -5.000000000000000000e-01 5.000000000000000000e-01 5.367026032120125478e+01 9.333958316730653348e-02
-2.999999999999999889e-01 -5.000000000000000000e-01 6.999999999999999556e-01 4.463497521395388645e+01 7.762604385035458410e-02
-2.999999999999999889e-01 -5.000000000000000000e-01 9.000000000000000222e-01 4.094885459612032008e+01 7.121539929760055398e-02
-2.999999999999999889e-01 -5.000000000000000000e-01 1.100000000000000089e+00 4.300382485067694205e+01 7.478926060987294011e-02
-2.999999999999999889e-01 -6.999999999999999556e-01 0.000000000000000000e+00 9.276912962117960149e+01 1.613376167324862553e-01
-2.999999999999999889e-01 -6.999999999999999556e-01 2.999999999999999889e-01 6.536879831664207074e+01 1.136848666376383821e-01
-2.999999999999999889e-01 -6.999999999999999556e-01 5.000000000000000000e-01 5.203695536779829922e+01 9.049905281356225573e-02
-2.999999999999999889e-01 -6.999999999999999556e-01 6.999999999999999556e-01 4.350165127805409071e+01 7.565504570096363846e-02
-2.999999999999999889e-01 -6.999999999999999556e-01 9.000000000000000222e-01 4.034013863259362864e+01 7.015676283929327128e-02
-2.999999999999999889e-01 -6.999999999999999556e-01 1.100000000000000089e+00 4.291887118408575219e+01 7.464151510275783552e-02
-2.999999999999999889e-01 -9.000000000000000222e-01 0.000000000000000000e+00 9.074812088421323608e+01 1.578228189290664940e-01
-2.999999999999999889e-01 -9.000000000000000222e-01 2.999999999999999889e-01 6.398076781832720883e+01 1.112709005536125367e-01
-2.999999999999999889e-01 -9.000000000000000222e-01 5.000000000000000000e-01 5.113965018340955027e+01 8.893852205810356959e-02
-2.999999999999999889e-01 -9.000000000000000222e-01 6.999999999999999556e-01 4.313049871353210563e+01 7.500956298005583001e-02
-2.999999999999999889e-01 -9.000000000000000222e-01 9.000000000000000222e-01 4.050722008692820708e+01 7.044733928161427128e-02
-2.999999999999999889e-01 -9.000000000000000222e-01 1.100000000000000089e+00 4.360948218019591138e+01 7.584257770468853799e-02
-2.999999999999999889e-01 -1.100000000000000089e+00 0.000000000000000000e+00 8.936183979826432733e+01 1.554118953013292614e-01
-2.999999999999999889e-01 -1.100000000000000089e+00 2.999999999999999889e-01 6.329147891190797992e+01 1.100721372381008312e-01
-2.999999999999999889e-01 -1.100000000000000089e+00 5.000000000000000000e-01 5.097422737321203101e+01 8.865083021428178667e-02
-2.999999999999999889e-01 -1.100000000000000089e+00 6.999999999999999556e-01 4.351370666785886243e+01 7.567601159627627971e-02
-2.999999999999999889e-01 -1.100000000000000089e+00 9.000000000000000222e-01 4.143850738107935427e+01 7.206696935839887463e-02
-2.999999999999999889e-01 -1.100000000000000089e+00 1.100000000000000089e+00 4.506051003269711686e+01 7.836610440469063410e-02
-2.999999999999999889e-01 -1.300000000000000044e+00 0.000000000000000000e+00 8.860995862303329318e+01 1.541042758661448631e-01
-2.999999999999999889e-01 -1.300000000000000044e+00 2.999999999999999889e-01 6.329600092596533045e+01 1.100800016103744838e-01
-2.999999999999999889e-01 -1.300000000000000044e+00 5.000000000000000000e-01 5.153210392179346400e+01 8.962105029877123763e-02
-2.999999999999999889e-01 -1.300000000000000044e+00 6.999999999999999556e-01 4.463881250269363932e+01 7.763271739598893995e-02
-2.999999999999999889e-01 -1.300000000000000044e+00 9.000000000000000222e-01 4.311772125821316592e+01 7.498734131863159236e-02
-2.999999999999999889e-01 -1.300000000000000044e+00 1.100000000000000089e+00 4.725224227088782669e+01 8.217781264502230232e-02
-2.999999999999999889e-01 -1.500000000000000000e+00 0.000000000000000000e+00 8.848863553825027850e+01 1.538932791969570002e-01
-2.999999999999999889e-01 -1.500000000000000000e+00 2.999999999999999889e-01 6.398535946691478671e+01 1.112788860294170179e-01
-2.999999999999999889e-01 -1.500000000000000000e+00 5.000000000000000000e-01 5.280041123607505682e+01 9.182680214969575483e-02
-2.999999999999999889e-01 -1.500000000000000000e+00 6.999999999999999556e-01 4.648895397775256555e+01 8.085035474391751020e-02
-2.999999999999999889e-01 -1.500000000000000000e+00 9.000000000000000222e-01 4.552421604833484281e+01 7.917254964927798733e-02
-2.999999999999999889e-01 -1.500000000000000000e+00 1.100000000000000089e+00 5.016078073521589431e+01 8.723614040907111400e-02
-2.999999999999999889e-01 -1.699999999999999956e+00 0.000000000000000000e+00 8.899059910272490015e+01 1.547662593090867733e-01
-2.999999999999999889e-01 -1.699999999999999956e+00 2.999999999999999889e-01 6.534671266803412948e+01 1.136464568139723963e-01
-2.999999999999999889e-01 -1.699999999999999956e+00 5.000000000000000000e-01 5.476224278619473296e+01 9.523868310642562285e-02
-2.999999999999999889e-01 -1.699999999999999956e+00 6.999999999999999556e-01 4.904318932574553003e+01 8.529250317520961633e-02
-2.999999999999999889e-01 -1.699999999999999956e+00 9.000000000000000222e-01 4.863336517469439002e+01 8.457976552120763380e-02
-2.999999999999999889e-01 -1.699999999999999956e+00 1.100000000000000089e+00 5.375847755652372228e+01 9.349300444612820837e-02
-2.999999999999999889e-01 -1.899999999999999911e+00 0.000000000000000000e+00 9.010528330648065776e+01 1.567048405330098426e-01
-2.999999999999999889e-01 -1.899999999999999911e+00 2.999999999999999889e-01 6.736358524297179429e+01 1.171540612921248559e-01
-2.999999999999999889e-01 -1.899999999999999911e+00 5.000000000000000000e-01 5.739696095263067122e+01 9.982080165674898919e-02
-2.999999999999999889e-01 -1.899999999999999911e+00 6.999999999999999556e-01 5.227687440880255565e+01 9.091630331965662448e-02
-2.999999999999999889e-01 -1.899999999999999911e+00 9.000000000000000222e-01 5.241699806316472632e+01 9.115999663159082833e-02
-2.999999999999999889e-01 -1.899999999999999911e+00 1.100000000000000089e+00 5.801441399569681323e+01 1.008946330359944549e-01
-2.999999999999999889e-01 2.100000000000000089e+00 0.000000000000000000e+00 1.802035400551673092e+02 3.133974609655083565e-01
-2.999999999999999889e-01 2.100000000000000089e+00 2.999999999999999889e-01 1.515678139727077109e+02 2.635961982134047421e-01
-2.999999999999999889e-01 2.100000000000000089e+00 5.000000000000000000e-01 1.359025170822291386e+02 2.363522036212680755e-01
-2.999999999999999889e-01 2.100000000000000089e+00 6.999999999999999556e-01 1.237622342175114483e+02 2.152386682043677391e-01
-2.999999999999999889e-01 2.100000000000000089e+00 9.000000000000000222e-01 1.157722235784611087e+02 2.013429975277584438e-01
-2.999999999999999889e-01 2.100000000000000089e+00 1.100000000000000089e+00 1.124503701340441921e+02 1.955658611026855620e-01
