0.000000000000000000e+00 -2.137763400759104115e+01
8.155000998947068069e+01 -2.555303183404066658e+01
1.631000199789413614e+02 -2.996567974390200106e+01
2.446500299684120421e+02 -3.466653193663296406e+01
3.262000399578827228e+02 -3.972152655828904244e+01
4.077500499473534319e+02 -4.519198020447765884e+01
4.893000599368240842e+02 -5.107854472961662395e+01
5.708500699262947364e+02 -5.729909527706149674e+01
6.524000799157654455e+02 -6.374125595523855736e+01
7.339500899052361547e+02 -7.030295435022162565e+01
8.155000998947068638e+02 -7.690247248312971351e+01
8.970501098841774592e+02 -8.347549734136191546e+01
9.786001198736481683e+02 -8.995905251243038947e+01
1.060150129863118764e+03 -9.627885437735585583e+01
1.141700139852589473e+03 -1.023670884545881563e+02
1.223250149842060182e+03 -1.082092253953687759e+02
1.304800159831530891e+03 -1.138347738211996329e+02
1.386350169821001600e+03 -1.192689350296659541e+02
1.467900179810472309e+03 -1.245236888312165320e+02
1.549450189799943018e+03 -1.296153555521659655e+02
1.631000199789413728e+03 -1.345728393268655054e+02
1.712550209778884209e+03 -1.394293268482333588e+02
1.794100219768354918e+03 -1.442169606713123358e+02
1.875650229757825628e+03 -1.489688058930596526e+02
1.957200239747296337e+03 -1.537218201527721249e+02
2.038750249736767046e+03 -1.585138054096260021e+02
2.120300259726237528e+03 -1.633791413955605094e+02
2.201850269715708237e+03 -1.683470864251066814e+02
2.283400279705178946e+03 -1.734420875279674874e+02
2.364950289694649655e+03 -1.786857704253479824e+02
2.446500299684120364e+03 -1.841014033373949133e+02
2.528050309673591073e+03 -1.897123118291938226e+02
2.609600319663061782e+03 -1.955087210307237910e+02
2.691150329652532491e+03 -2.014336319652156817e+02
2.772700339642003200e+03 -2.074225649351501488e+02
2.854250349631473910e+03 -2.134174973351964582e+02
2.935800359620944619e+03 -2.193616148128003260e+02
3.017350369610415328e+03 -2.251946703199737385e+02
3.098900379599886037e+03 -2.308517895768882227e+02
3.180450389589356746e+03 -2.362635198223460975e+02
3.262000399578827455e+03 -2.413597349377942010e+02
3.343550409568297709e+03 -2.460831922492388912e+02
3.425100419557768419e+03 -2.503863231082204948e+02
3.506650429547239128e+03 -2.542213111378096073e+02
3.588200439536709837e+03 -2.575448685014098373e+02
3.669750449526180546e+03 -2.603265196271013338e+02
3.751300459515651255e+03 -2.625480168053918533e+02
3.832850469505121964e+03 -2.641915632898226249e+02
3.914400479494592673e+03 -2.652265491651969569e+02
3.995950489484063382e+03 -2.656314473507054572e+02
4.077500499473534092e+03 -2.654446006404077707e+02
4.159050509463004346e+03 -2.647153811482357924e+02
4.240600519452475055e+03 -2.634781431309284017e+02
4.322150529441945764e+03 -2.617600451678454192e+02
4.403700539431416473e+03 -2.595866650676161953e+02
4.485250549420887182e+03 -2.569834538259647161e+02
4.566800559410357891e+03 -2.539749518220687605e+02
4.648350569399828601e+03 -2.505838477531751778e+02
4.729900579389299310e+03 -2.468293671254450601e+02
4.811450589378770019e+03 -2.427266667336471073e+02
4.893000599368240728e+03 -2.382882962675994349e+02
4.974550609357711437e+03 -2.335233900557059314e+02
5.056100619347182146e+03 -2.284359573191504751e+02
5.137650629336652855e+03 -2.230244294307040036e+02
5.219200639326123564e+03 -2.172836198182467342e+02
5.300750649315594274e+03 -2.112077776127280231e+02
5.382300659305064983e+03 -2.047922754708151842e+02
5.463850669294535692e+03 -1.980261309788002109e+02
5.545400679284006401e+03 -1.908953002158432355e+02
5.626950689273477110e+03 -1.833881363919490468e+02
5.708500699262947819e+03 -1.754953298558493771e+02
5.790050709252418528e+03 -1.672103416147620010e+02
5.871600719241889237e+03 -1.585282445450193336e+02
5.953150729231359946e+03 -1.494416547382033968e+02
6.034700739220830656e+03 -1.399302986069915278e+02
6.116250749210301365e+03 -1.299693346210033269e+02
6.197800759199772074e+03 -1.195962940891968174e+02
6.279350769189242783e+03 -1.088425626953157916e+02
6.360900779178713492e+03 -9.773053189542224573e+01
6.442450789168184201e+03 -8.628725758694599790e+01
6.524000799157654910e+03 -7.454984839993721835e+01
6.605550809147124710e+03 -6.256183357786176202e+01
6.687100819136595419e+03 -5.035981174827884388e+01
6.768650829126066128e+03 -3.793354665167862549e+01
6.850200839115536837e+03 -2.532795283001087228e+01
6.931750849105007546e+03 -1.271270199083846819e+01
7.013300859094478255e+03 -2.023826089152862551e-01
7.094850869083948965e+03 1.210310932332231459e+01
7.176400879073419674e+03 2.410259973238862585e+01
7.257950889062890383e+03 3.568948676144736964e+01
7.339500899052361092e+03 4.675756389505932020e+01
7.421050909041831801e+03 5.721553000561016233e+01
7.502600919031302510e+03 6.702168123883075168e+01
7.584150929020773219e+03 7.604317301761784620e+01
7.665700939010243928e+03 8.414057344795855897e+01
7.747250948999714637e+03 9.121995107096154243e+01
7.828800958989185347e+03 9.721385024194751168e+01
7.910350968978656056e+03 1.020797204766231516e+02
7.991900978968126765e+03 1.057971276486050556e+02
8.073450988957597474e+03 1.083616718097437115e+02
8.155000998947068183e+03 1.097735646829714824e+02
8.236551008936537983e+03 1.100360233953169882e+02
8.318101018926008692e+03 1.092248137029046120e+02
8.399651028915479401e+03 1.074104492032975031e+02
8.481201038904950110e+03 1.046656042692484334e+02
8.562751048894420819e+03 1.010717480030189108e+02
8.644301058883891528e+03 9.672066615971471037e+01
8.725851068873362237e+03 9.171236094035157294e+01
8.807401078862832946e+03 8.615037670967103622e+01
8.888951088852303656e+03 8.013484328692720737e+01
8.970501098841774365e+03 7.377253319267128973e+01
9.052051108831245074e+03 6.718056886249723902e+01
9.133601118820715783e+03 6.046772004380909493e+01
9.215151128810186492e+03 5.373632285802432307e+01
9.296701138799657201e+03 4.708199412329304323e+01
9.378251148789127910e+03 4.059406990391562431e+01
9.459801158778598619e+03 3.435847008053315221e+01
9.541351168768069329e+03 2.846570362901729823e+01
9.622901178757540038e+03 2.301625299067472952e+01
9.704451188747010747e+03 1.804443824776808469e+01
9.786001198736481456e+03 1.356137035893880238e+01
9.867551208725952165e+03 9.587089360704339924e+00
9.949101218715422874e+03 6.135286533205544401e+00
1.003065122870489358e+04 3.205913662496641336e+00
1.011220123869436429e+04 7.830463191457965877e-01
1.019375124868383500e+04 -1.162862393052819243e+00
1.027530125867330571e+04 -2.671109326350233459e+00
1.035685126866277642e+04 -3.793400802451287745e+00
1.043840127865224713e+04 -4.602085195507243043e+00
1.051995128864171784e+04 -5.179680398994605639e+00
1.060150129863118855e+04 -5.614506251436978346e+00
1.068305130862065926e+04 -5.995212704602636222e+00
1.076460131861012997e+04 -6.404861433628866507e+00
1.084615132859960067e+04 -6.923531271119827579e+00
1.092770133858907138e+04 -7.640181069809841574e+00
1.100925134857854209e+04 -8.659919933631499589e+00
1.109080135856801280e+04 -1.004670723799245025e+01
1.117235136855748351e+04 -1.181478033876555855e+01
1.125390137854695422e+04 -1.399070268223022140e+01
1.133545138853642493e+04 -1.660513159776292014e+01
1.141700139852589564e+04 -1.966960891043163429e+01
1.149855140851536635e+04 -2.316348639610532700e+01
1.158010141850483706e+04 -2.704253080588841840e+01
1.166165142849430777e+04 -3.125449261600988393e+01
1.174320143848377847e+04 -3.574549775298237364e+01
1.182475144847324918e+04 -4.045792438887565368e+01
1.190630145846271989e+04 -4.533187877986983949e+01
1.198785146845219060e+04 -5.030765534859528998e+01
1.206940147844166131e+04 -5.532603319102418027e+01
1.215095148843113202e+04 -6.032830164641381998e+01
1.223250149842060273e+04 -6.525732837098348682e+01
1.231405150841007344e+04 -7.005983317716982128e+01
1.239560151839954415e+04 -7.468852630985475116e+01
1.247715152838901486e+04 -7.910495426192483137e+01
1.255870153837848557e+04 -8.328190135230670421e+01
1.264025154836795627e+04 -8.720254405822561239e+01
1.272180155835742698e+04 -9.086052035279681149e+01
1.280335156834689769e+04 -9.426072502331317082e+01
1.288490157833636840e+04 -9.741990156055908301e+01
1.296645158832583911e+04 -1.003676297034335221e+02
1.304800159831530982e+04 -1.031475000806440221e+02
1.312955160830477871e+04 -1.058169272754421399e+02
1.321110161829424942e+04 -1.084444055570666023e+02
1.329265162828372013e+04 -1.111098651018628516e+02
1.337420163827319084e+04 -1.139076616996817393e+02
1.345575164826266155e+04 -1.169432131796556860e+02
1.353730165825213226e+04 -1.203205466126946703e+02
1.361885166824160297e+04 -1.241328705233427172e+02
1.370040167823107367e+04 -1.284695353887127567e+02
1.378195168822054438e+04 -1.334230038603518551e+02
1.386350169821001509e+04 -1.390797547118454531e+02
1.394505170819948580e+04 -1.455046056444170972e+02
1.402660171818895651e+04 -1.527467111243631734e+02
1.410815172817842722e+04 -1.608503903477821950e+02
1.418970173816789793e+04 -1.698471052136101207e+02
1.427125174815736864e+04 -1.797308953711790309e+02
1.435280175814683935e+04 -1.904524622401468150e+02
1.443435176813631006e+04 -2.019399699394534764e+02
1.451590177812578077e+04 -2.141092128100335685e+02
1.459745178811525147e+04 -2.268588840590709879e+02
1.467900179810472218e+04 -2.400670727189917670e+02
1.476055180809419289e+04 -2.535972753995210951e+02
1.484210181808366360e+04 -2.673040089502783303e+02
1.492365182807313431e+04 -2.810283920955062058e+02
1.500520183806260502e+04 -2.945866219704084870e+02
1.508675184805207573e+04 -3.077736921431487644e+02
1.516830185804154644e+04 -3.203762859536709584e+02
1.524985186803101715e+04 -3.321896271132500260e+02
1.533140187802048786e+04 -3.430438425364991417e+02
1.541295188800995857e+04 -3.528083752892225675e+02
1.549450189799942927e+04 -3.613766730278339310e+02
1.557605190798889998e+04 -3.686561441919420758e+02
1.565760191797837069e+04 -3.745277780102833276e+02
1.573915192796784140e+04 -3.788137746273814628e+02
1.582070193795731211e+04 -3.813366209327568868e+02
1.590225194794678282e+04 -3.819535483776389810e+02
1.598380195793625353e+04 -3.805249696358123401e+02
1.606535196792572424e+04 -3.768755122032689542e+02
1.614690197791519495e+04 -3.708048617082386045e+02
1.622845198790466566e+04 -3.621129231138320392e+02
1.631000199789413637e+04 -3.506260529879773458e+02
1.639155200788360526e+04 -3.362952128951656050e+02
1.647310201787307597e+04 -3.192118523566468866e+02
1.655465202786254667e+04 -2.995062774913285466e+02
1.663620203785201738e+04 -2.773195809940189065e+02
1.671775204784148809e+04 -2.528027071633996457e+02
1.679930205783095880e+04 -2.261257027258661765e+02
1.688085206782042951e+04 -1.975100405808216237e+02
1.696240207780990022e+04 -1.672613127849926968e+02
1.704395208779937093e+04 -1.357091217757515551e+02
1.712550209778884164e+04 -1.030057254234397988e+02
1.720705210777831235e+04 -6.921705810707953788e+01
1.728860211776778306e+04 -3.446121841800140828e+01
1.737015212775725377e+04 1.107965592285836465e+00
1.745170213774672447e+04 3.732966107113406906e+01
1.753325214773619518e+04 7.404762293105159188e+01
1.761480215772566589e+04 1.111078020332188316e+02
1.769635216771513660e+04 1.483513530144300603e+02
1.777790217770460731e+04 1.856303532112115136e+02
1.785945218769407802e+04 2.228316618231765460e+02
1.794100219768354873e+04 2.598462216846846786e+02
1.802255220767301944e+04 2.965627512423625376e+02
1.810410221766249015e+04 3.328776710825259215e+02
1.818565222765196086e+04 3.687015997828693799e+02
1.826720223764143157e+04 4.039583743701550702e+02
1.834875224763090227e+04 4.385787615778872350e+02
1.843030225762037298e+04 4.724955514371613390e+02
1.851185226760984369e+04 5.056762955194672031e+02
1.859340227759931440e+04 5.381264382205563379e+02
1.867495228758878511e+04 5.698532682114273484e+02
1.875650229757825582e+04 6.008699837907824985e+02
1.883805230756772653e+04 6.312024639415276397e+02
1.891960231755719724e+04 6.608898833245839342e+02
1.900115232754666795e+04 6.899782941798430329e+02
1.908270233753613866e+04 7.185103525307322343e+02
1.916425234752560937e+04 7.465220091289129414e+02
1.924580235751508008e+04 7.740780608531640610e+02
1.932735236750455078e+04 8.012470237361803811e+02
1.940890237749402149e+04 8.280829256662036642e+02
1.949045238748349220e+04 8.546252860962185878e+02
1.957200239747296291e+04 8.808977006968370915e+02
1.965355240746243362e+04 9.069161189090855260e+02
1.973510241745190433e+04 9.327125591476833506e+02
1.981665242744137504e+04 9.584014836026872217e+02
1.989820243743084575e+04 9.840667647549453250e+02
1.997975244742031646e+04 1.009427274793640208e+03
2.006130245740978717e+04 1.034277400139038946e+03
2.014285246739925788e+04 1.058463080976562196e+03
2.022440247738872858e+04 1.081836862573053622e+03
2.030595248737819929e+04 1.104242629389413196e+03
2.038750249736767000e+04 1.125511977082155681e+03
2.046905250735714071e+04 1.145466462195666281e+03
2.055060251734661142e+04 1.163911647320302109e+03
2.063215252733608213e+04 1.180690289749280055e+03
2.071370253732555284e+04 1.195686223115610119e+03
2.079525254731502355e+04 1.208783023438552846e+03
2.087680255730449426e+04 1.219891797669311927e+03
2.095835256729396497e+04 1.228969506082415137e+03
2.103990257728343568e+04 1.236018973536794874e+03
2.112145258727290638e+04 1.241065893829106244e+03
2.120300259726237709e+04 1.244117527903525115e+03
2.128455260725184780e+04 1.245092674675947819e+03
2.136610261724131851e+04 1.244179928896651290e+03
2.144765262723078922e+04 1.241548324548487471e+03
2.152920263722025993e+04 1.237306760615848361e+03
2.161075264720973064e+04 1.231545334285834542e+03
2.169230265719920135e+04 1.224345328962866915e+03
2.177385266718867206e+04 1.215782770950865597e+03
2.185540267717814277e+04 1.205928948213680997e+03
2.193695268716761348e+04 1.194851330516475173e+03
2.201850269715708419e+04 1.182611488673412168e+03
2.210005270714655489e+04 1.169257897945592958e+03
2.218160271713602560e+04 1.154838147725434283e+03
2.226315272712549631e+04 1.139399892295567042e+03
2.234470273711496702e+04 1.122994401849310634e+03
2.242625274710443773e+04 1.105680500146632767e+03
2.250780275709390844e+04 1.087526103593626431e+03
2.258935276708337915e+04 1.068609573032881599e+03
2.267090277707284986e+04 1.049028645806319219e+03
2.275245278706232057e+04 1.028849916554398078e+03
2.283400279705179128e+04 1.008114527798786185e+03
2.291555280704126199e+04 9.868807269479375464e+02
2.299710281703073269e+04 9.652107950366817022e+02
2.307865282702020340e+04 9.431654057610503514e+02
2.316020283700967411e+04 9.208018554662421593e+02
2.324175284699914482e+04 8.981761890726584170e+02
2.332330285698861553e+04 8.753498723820448504e+02
2.340485286697808624e+04 8.523887360452163193e+02
2.348640287696755695e+04 8.293188650234897068e+02
2.356795288695702766e+04 8.061623053616631296e+02
2.364950289694649837e+04 7.829501006566852084e+02
2.373105290693596908e+04 7.597147315100983178e+02
2.381260291692543979e+04 7.364863492179556488e+02
2.389415292691491049e+04 7.132918352868045986e+02
2.397570293690438120e+04 6.901563087128379266e+02
2.405725294689385191e+04 6.671050707739568679e+02
2.413880295688332262e+04 6.441610259776780367e+02
2.422035296687279333e+04 6.213414666628877967e+02
2.430190297686226404e+04 5.986630771744148660e+02
2.438345298685173475e+04 5.761414685172203463e+02
2.446500299684120546e+04 5.537891783366221716e+02
2.454655300683067617e+04 5.316143603438440550e+02
2.462810301682014688e+04 5.096212427071041020e+02
2.470965302680961759e+04 4.878116372338463407e+02
2.479120303679908830e+04 4.661857651433238061e+02
2.487275304678855900e+04 4.447410491695354722e+02
2.495430305677802971e+04 4.234723243267080761e+02
2.503585306676750042e+04 4.023732603488097084e+02
2.511740307675697113e+04 3.814370904365732713e+02
2.519895308674644184e+04 3.606577659253316597e+02
2.528050309673591255e+04 3.400301974418189275e+02
2.536205310672538326e+04 3.195483603855182082e+02
2.544360311671485397e+04 2.992027750518718676e+02
2.552515312670432468e+04 2.789861048378461419e+02
2.560670313669379539e+04 2.589062972452084068e+02
2.568825314668326610e+04 2.389758395868884691e+02
2.576980315667273680e+04 2.192040436859806505e+02
2.585135316666220751e+04 1.996003921169503883e+02
2.593290317665167822e+04 1.801789773429709385e+02
2.601445318664114893e+04 1.609596822196936046e+02
2.609600319663061964e+04 1.419663213552576053e+02
2.617755320662008671e+04 1.232248905703690980e+02
2.625910321660955742e+04 1.047600240241672509e+02
2.634065322659902813e+04 8.659370303028481430e+01
2.642220323658849884e+04 6.874971449278018554e+01
2.650375324657796955e+04 5.125445103159654536e+01
2.658530325656744026e+04 3.413419998277640843e+01
2.666685326655691097e+04 1.741270012414679513e+01
2.674840327654638168e+04 1.112657167800534808e+00
2.682995328653585238e+04 -1.474121995569657884e+01
2.691150329652532309e+04 -3.012332191859422892e+01
2.699305330651479380e+04 -4.501331822579322761e+01
2.707460331650426451e+04 -5.939500036209938116e+01
2.715615332649373522e+04 -7.325012356090883259e+01
2.723770333648320593e+04 -8.655609145203379740e+01
2.731925334647267664e+04 -9.928410506318050466e+01
2.740080335646214735e+04 -1.113971602930441804e+02
2.748235336645161806e+04 -1.228488829575562704e+02
2.756390337644108877e+04 -1.335839734533874434e+02
2.764545338643055948e+04 -1.435470852239232045e+02
2.772700339642003019e+04 -1.526917176823681075e+02
2.780855340640950089e+04 -1.609670443186678312e+02
2.789010341639897160e+04 -1.683065521972894203e+02
2.797165342638844231e+04 -1.746432741869975871e+02
2.805320343637791302e+04 -1.799457169482984682e+02
2.813475344636738373e+04 -1.842182689331675647e+02
2.821630345635685444e+04 -1.874687112713327224e+02
2.829785346634632515e+04 -1.897016105366410557e+02
2.837940347633579586e+04 -1.909390757727351229e+02
2.846095348632526657e+04 -1.912287643642321200e+02
2.854250349631473728e+04 -1.906242564824042347e+02
2.862405350630420799e+04 -1.891734657563365545e+02
2.870560351629367869e+04 -1.869344936635343402e+02
2.878715352628314940e+04 -1.840012096988966732e+02
2.886870353627262011e+04 -1.804906671430644565e+02
2.895025354626209082e+04 -1.765200653161964510e+02
2.903180355625156153e+04 -1.721917548955025268e+02
2.911335356624103224e+04 -1.675780071236804361e+02
2.919490357623050295e+04 -1.627291246024724387e+02
2.927645358621997366e+04 -1.576959354239052118e+02
2.935800359620944437e+04 -1.525364889406964721e+02
2.943955360619891508e+04 -1.472993321860149081e+02
2.952110361618838579e+04 -1.420120600120353629e+02
2.960265362617785649e+04 -1.366980757530636765e+02
2.968420363616732720e+04 -1.313844905926489446e+02
2.976575364615679791e+04 -1.260980356363670580e+02
2.984730365614626862e+04 -1.208610548937713247e+02
2.992885366613573933e+04 -1.156923452706196258e+02
3.001040367612521004e+04 -1.106093600421590963e+02
3.009195368611468075e+04 -1.056286828318243352e+02
3.017350369610415146e+04 -1.007652266973418591e+02
3.025505370609362217e+04 -9.603207792639204854e+01
3.033660371608309288e+04 -9.144095631944674096e+01
3.041815372607256359e+04 -8.700206789619915071e+01
3.049970373606203430e+04 -8.272365075994093786e+01
3.058125374605150500e+04 -7.861200466299032996e+01
3.066280375604097571e+04 -7.467220649394766951e+01
3.074435376603044642e+04 -7.090879074487747857e+01
3.082590377601991713e+04 -6.732528627843112190e+01
3.090745378600938784e+04 -6.392273317361195950e+01
3.098900379599885855e+04 -6.070092423513870017e+01
3.107055380598832926e+04 -5.765935952972085943e+01
3.115210381597779997e+04 -5.479686834441417886e+01
3.123365382596727068e+04 -5.211121467722387024e+01
3.131520383595674139e+04 -4.959922989304959628e+01
3.139675384594621210e+04 -4.725732436097950995e+01
3.147830385593568280e+04 -4.508187238622849691e+01
3.155985386592515351e+04 -4.306839490716902219e+01
3.164140387591462422e+04 -4.121086792616188177e+01
3.172295388590409493e+04 -3.950305834179380327e+01
3.180450389589356564e+04 -3.793878253713864979e+01
3.188605390588303635e+04 -3.651185821374201623e+01
3.196760391587250706e+04 -3.521608629600450513e+01
3.204915392586197777e+04 -3.404513211301036790e+01
3.213070393585144848e+04 -3.299233978935444611e+01
3.221225394584091919e+04 -3.205066065842675016e+01
3.229380395583038990e+04 -3.121356114916943625e+01
3.237535396581986060e+04 -3.047484728877770976e+01
3.245690397580933131e+04 -2.982797474048584263e+01
3.253845398579880202e+04 -2.926625006369158655e+01
3.262000399578827273e+04 -2.878302867325601255e+01
3.270155400577774344e+04 -2.837175981538621272e+01
3.278310401576721051e+04 -2.802587005407440301e+01
3.286465402575668122e+04 -2.773851776011360926e+01
3.294620403574615193e+04 -2.750280271874180471e+01
3.302775404573562264e+04 -2.731355127185361198e+01
3.310930405572509335e+04 -2.716586772622395074e+01
3.319085406571456406e+04 -2.705483893238397286e+01
3.327240407570403477e+04 -2.697593306186536211e+01
3.335395408569350548e+04 -2.692519561341396184e+01
3.343550409568297619e+04 -2.689923450350124767e+01
3.351705410567244689e+04 -2.689499248446645652e+01
3.359860411566191760e+04 -2.690909418778210238e+01
3.368015412565138831e+04 -2.693936644444511330e+01
3.376170413564085902e+04 -2.698672975702902477e+01
3.384325414563032973e+04 -2.705168663741551427e+01
3.392480415561980044e+04 -2.713481812677582639e+01
3.400635416560927115e+04 -2.723706574669176916e+01
3.408790417559874186e+04 -2.735981676026767673e+01
3.416945418558821257e+04 -2.750490832349532866e+01
3.425100419557768328e+04 -2.767462835639344121e+01
3.433255420556715399e+04 -2.787193653754275147e+01
3.441410421555662469e+04 -2.809902015389980079e+01
3.449565422554609540e+04 -2.835774695994950889e+01
3.457720423553556611e+04 -2.865026291058529750e+01
3.465875424552503682e+04 -2.897843144561102235e+01
3.474030425551450753e+04 -2.934349506079433922e+01
3.482185426550397824e+04 -2.974602975773723301e+01
3.490340427549344895e+04 -3.018626716712151392e+01
3.498495428548291966e+04 -3.066490972479277843e+01
3.506650429547239037e+04 -3.118400151380956231e+01
3.514805430546186108e+04 -3.173850583718103735e+01
3.522960431545133179e+04 -3.232443060688274272e+01
3.531115432544080249e+04 -3.293826178813287697e+01
3.539270433543027320e+04 -3.357604960257231141e+01
3.547425434541974391e+04 -3.423303405036949698e+01
3.555580435540921462e+04 -3.490359093072220276e+01
3.563735436539868533e+04 -3.558134588073062332e+01
3.571890437538815604e+04 -3.625883015715226065e+01
3.580045438537762675e+04 -3.692917040489464853e+01
3.588200439536709746e+04 -3.758782367026651627e+01
3.596355440535656817e+04 -3.822934889779116929e+01
3.604510441534603888e+04 -3.884838403960384312e+01
3.612665442533550959e+04 -3.944028108926431742e+01
3.620820443532498030e+04 -4.000136271950213995e+01
3.628975444531445100e+04 -4.052853154612512299e+01
3.637130445530392171e+04 -4.101802519455577567e+01
3.645285446529339242e+04 -4.146346662154155638e+01
3.653440447528286313e+04 -4.186708642402390979e+01
3.661595448527233384e+04 -4.223469394236872176e+01
3.669750449526180455e+04 -4.256953728434928053e+01
3.677905450525127526e+04 -4.287460082505458558e+01
3.686060451524074597e+04 -4.315359403857110010e+01
3.694215452523021668e+04 -4.341123784810588404e+01
3.702370453521968739e+04 -4.365288129367854708e+01
3.710525454520915810e+04 -4.388386602093032707e+01
3.718680455519862880e+04 -4.410946039730151824e+01
3.726835456518809951e+04 -4.433573021081065235e+01
3.734990457517757022e+04 -4.456840363166793395e+01
3.743145458516704093e+04 -4.481249849532559892e+01
3.751300459515651164e+04 -4.507224713912182779e+01
3.759455460514598235e+04 -4.535107441185664356e+01
3.767610461513545306e+04 -4.565187066707585473e+01
3.775765462512492377e+04 -4.597769011350919754e+01
3.783920463511439448e+04 -4.633260916279141384e+01
3.792075464510386519e+04 -4.671788021396059776e+01
3.800230465509333590e+04 -4.713033423811612010e+01
3.808385466508280660e+04 -4.756769682814592670e+01
3.816540467507227731e+04 -4.802832891888465383e+01
3.824695468506174802e+04 -4.851023961736427736e+01
3.832850469505121873e+04 -4.901064329468681535e+01
3.841005470504068944e+04 -4.952621416007605148e+01
3.849160471503016015e+04 -5.005368506688137131e+01
3.857315472501963086e+04 -5.058994033131057222e+01
3.865470473500910157e+04 -5.113079801124877122e+01
3.873625474499857228e+04 -5.167154858035974030e+01
3.881780475498804299e+04 -5.220798056266721687e+01
3.889935476497751370e+04 -5.273660724600449612e+01
3.898090477496698441e+04 -5.325500367957465642e+01
3.906245478495645511e+04 -5.376182663375766424e+01
3.914400479494592582e+04 -5.425628190303905285e+01
3.922555480493539653e+04 -5.473758656676182000e+01
3.930710481492486724e+04 -5.520531288660458813e+01
3.938865482491433795e+04 -5.566006368779744662e+01
3.947020483490380866e+04 -5.610255314097958035e+01
3.955175484489327937e+04 -5.653307603860775998e+01
3.963330485488275008e+04 -5.695152137584591401e+01
3.971485486487222079e+04 -5.735732337210174592e+01
3.979640487486169150e+04 -5.774912038797810965e+01
3.987795488485116221e+04 -5.812416017076247954e+01
3.995950489484063291e+04 -5.847822827271011192e+01
4.004105490483010362e+04 -5.880750487176555907e+01
4.012260491481957433e+04 -5.910873190047823300e+01
4.020415492480904504e+04 -5.937689103418233572e+01
4.028570493479851575e+04 -5.960576693547773175e+01
4.036725494478798646e+04 -5.979152588822944381e+01
4.044880495477745717e+04 -5.993558511097035080e+01
4.053035496476692788e+04 -6.004264650543336757e+01
4.061190497475639859e+04 -6.011750090352870757e+01
4.069345498474586930e+04 -6.016391853066670592e+01
