0.000000000000000000e+00 -1.987454483148194413e+02
8.159134852282360839e+01 -2.009662844144986593e+02
1.631826970456472168e+02 -2.033632369117367489e+02
2.447740455684708252e+02 -2.059767645709071076e+02
3.263653940912944336e+02 -2.088601966741680371e+02
4.079567426141180704e+02 -2.120598632032379101e+02
4.895480911369416503e+02 -2.155628057727390114e+02
5.711394396597652303e+02 -2.192909171174578660e+02
6.527307881825888671e+02 -2.231521896537014982e+02
7.343221367054125039e+02 -2.270684102882623847e+02
8.159134852282361408e+02 -2.309854905368065374e+02
8.975048337510596639e+02 -2.348703936396868812e+02
9.790961822738833007e+02 -2.386891236938099610e+02
1.060687530796706824e+03 -2.423909888114922069e+02
1.142278879319530461e+03 -2.459288621498235443e+02
1.223870227842354097e+03 -2.493024331671986147e+02
1.305461576365177734e+03 -2.525352713984430011e+02
1.387052924888001371e+03 -2.556370294931966782e+02
1.468644273410825008e+03 -2.586079608831551013e+02
1.550235621933648645e+03 -2.614565975559307844e+02
1.631826970456472282e+03 -2.642031732681989524e+02
1.713418318979295691e+03 -2.668705929842599289e+02
1.795009667502119328e+03 -2.694794476887764176e+02
1.876601016024942965e+03 -2.720528986001045268e+02
1.958192364547766601e+03 -2.746203649075196154e+02
2.039783713070590238e+03 -2.772073787431454548e+02
2.121375061593413648e+03 -2.798290513119100069e+02
2.202966410116237512e+03 -2.824911537008665618e+02
2.284557758639060921e+03 -2.851932960782687587e+02
2.366149107161884785e+03 -2.879308815555796173e+02
2.447740455684708195e+03 -2.907009145018328127e+02
2.529331804207532059e+03 -2.935014239742613427e+02
2.610923152730355469e+03 -2.962889277259637311e+02
2.692514501253178878e+03 -2.989818120515155897e+02
2.774105849776002742e+03 -3.015094706035415584e+02
2.855697198298826152e+03 -3.038133795612102404e+02
2.937288546821650016e+03 -3.058324421439174330e+02
3.018879895344473425e+03 -3.074939127063571505e+02
3.100471243867297289e+03 -3.087100333612634131e+02
3.182062592390120699e+03 -3.093678356200362032e+02
3.263653940912944563e+03 -3.093588552935289044e+02
3.345245289435767972e+03 -3.086901907717656286e+02
3.426836637958591382e+03 -3.074051977006984089e+02
3.508427986481415246e+03 -3.055180659294746874e+02
3.590019335004238656e+03 -3.030372745276381465e+02
3.671610683527062520e+03 -2.999880823642488394e+02
3.753202032049885929e+03 -2.964147313769917673e+02
3.834793380572709793e+03 -2.923692410066923912e+02
3.916384729095533203e+03 -2.879040027474984527e+02
3.997976077618356612e+03 -2.830681361360038863e+02
4.079567426141180476e+03 -2.779060135294512293e+02
4.161158774664004341e+03 -2.724628764330846025e+02
4.242750123186827295e+03 -2.667833630606110091e+02
4.324341471709651159e+03 -2.609059835075440787e+02
4.405932820232475024e+03 -2.548591282643574232e+02
4.487524168755298888e+03 -2.486615486686569056e+02
4.569115517278121843e+03 -2.423219977716544236e+02
4.650706865800945707e+03 -2.358347022062516771e+02
4.732298214323769571e+03 -2.292169019859993568e+02
4.813889562846592526e+03 -2.225028841625035056e+02
4.895480911369416390e+03 -2.157103391927639677e+02
4.977072259892240254e+03 -2.088481082172102106e+02
5.058663608415064118e+03 -2.019218754193616405e+02
5.140254956937887073e+03 -1.949373211831161825e+02
5.221846305460710937e+03 -1.879030583919766286e+02
5.303437653983534801e+03 -1.808413848013706229e+02
5.385029002506357756e+03 -1.737915427775378703e+02
5.466620351029181620e+03 -1.667016700479425708e+02
5.548211699552005484e+03 -1.595212823558676973e+02
5.629803048074829348e+03 -1.522220685564143423e+02
5.711394396597652303e+03 -1.447842007607696360e+02
5.792985745120476167e+03 -1.371918812791864184e+02
5.874577093643300032e+03 -1.294285139824851285e+02
5.956168442166122986e+03 -1.214663927943483941e+02
6.037759790688946850e+03 -1.132255506545743629e+02
6.119351139211770715e+03 -1.046508412587663770e+02
6.200942487734594579e+03 -9.587586636019932484e+01
6.282533836257417533e+03 -8.696420208874678792e+01
6.364125184780241398e+03 -7.795938054965790798e+01
6.445716533303065262e+03 -6.890731179323029210e+01
6.527307881825889126e+03 -5.986407086754570628e+01
6.608899230348712081e+03 -5.089306706224942900e+01
6.690490578871535945e+03 -4.205534786883799825e+01
6.772081927394359809e+03 -3.338721785058260139e+01
6.853673275917182764e+03 -2.496929506462765858e+01
6.935264624440006628e+03 -1.690197979764798220e+01
7.016855972962830492e+03 -9.261055634877266129e+00
7.098447321485654356e+03 -2.114663547703457880e+00
7.180038670008477311e+03 4.471876200550468639e+00
7.261630018531301175e+03 1.043677237426527427e+01
7.343221367054125039e+03 1.573000474380842206e+01
7.424812715576947994e+03 2.033407967452149023e+01
7.506404064099771858e+03 2.427678713391833298e+01
7.587995412622595722e+03 2.746038505053093104e+01
7.669586761145419587e+03 2.982173452428378368e+01
7.751178109668242541e+03 3.133917207018112094e+01
7.832769458191066406e+03 3.201569320007911301e+01
7.914360806713890270e+03 3.187524010390552576e+01
7.995952155236713224e+03 3.095891634803865600e+01
8.077543503759537089e+03 2.931917476723174332e+01
8.159134852282360953e+03 2.701199955651918572e+01
8.240726200805183908e+03 2.410585734386677359e+01
8.322317549328008681e+03 2.069156196219319099e+01
8.403908897850831636e+03 1.685868886115440546e+01
8.485500246373654591e+03 1.269617981297051301e+01
8.567091594896479364e+03 8.290609296182083199e+00
8.648682943419302319e+03 3.724498604286054615e+00
8.730274291942125274e+03 -9.210797641699173255e-01
8.811865640464950047e+03 -5.558533022565825377e+00
8.893456988987773002e+03 -1.008847791255993798e+01
8.975048337510597776e+03 -1.445674013896041288e+01
9.056639686033420730e+03 -1.863489175642098417e+01
9.138231034556243685e+03 -2.258400138826164039e+01
9.219822383079068459e+03 -2.626314163871029450e+01
9.301413731601891413e+03 -2.963122503301747201e+01
9.383005080124714368e+03 -3.264755911484826356e+01
9.464596428647539142e+03 -3.527481341165821505e+01
9.546187777170362097e+03 -3.748183908582541335e+01
9.627779125693185051e+03 -3.924488756193386507e+01
9.709370474216009825e+03 -4.054813608819858928e+01
9.790961822738832780e+03 -4.138264555674868461e+01
9.872553171261655734e+03 -4.174699317915928987e+01
9.954144519784480508e+03 -4.165069646601295972e+01
1.003573586830730346e+04 -4.111846165295719402e+01
1.011732721683012824e+04 -4.019086713211345341e+01
1.019891856535295119e+04 -3.892227321973132348e+01
1.028050991387577415e+04 -3.737924032576665923e+01
1.036210126239859892e+04 -3.563073696109131561e+01
1.044369261092142187e+04 -3.374613877336469159e+01
1.052528395944424483e+04 -3.180843944822481717e+01
1.060687530796706960e+04 -2.991040608191360661e+01
1.068846665648989256e+04 -2.813847982370953105e+01
1.077005800501271551e+04 -2.656133141856662405e+01
1.085164935353554029e+04 -2.524097508762133657e+01
1.093324070205836324e+04 -2.425329028081887373e+01
1.101483205058118801e+04 -2.367545467192030628e+01
1.109642339910401097e+04 -2.351982026870609843e+01
1.117801474762683392e+04 -2.375798989341728884e+01
1.125960609614965870e+04 -2.437265373532318335e+01
1.134119744467248165e+04 -2.535118466279436689e+01
1.142278879319530461e+04 -2.666538103518269054e+01
1.150438014171812938e+04 -2.826317698175262194e+01
1.158597149024095233e+04 -3.007833146654047596e+01
1.166756283876377529e+04 -3.204087340142450557e+01
1.174915418728660006e+04 -3.408495394755118468e+01
1.183074553580942302e+04 -3.615440869763096998e+01
1.191233688433224597e+04 -3.819881748074476491e+01
1.199392823285507075e+04 -4.017162670527432056e+01
1.207551958137789370e+04 -4.203015756325021357e+01
1.215711092990071847e+04 -4.373408561737778655e+01
1.223870227842354143e+04 -4.524838907244975417e+01
1.232029362694636438e+04 -4.654932597068727773e+01
1.240188497546918916e+04 -4.762535660993489728e+01
1.248347632399201211e+04 -4.847135797150167491e+01
1.256506767251483507e+04 -4.908675874675373052e+01
1.264665902103765984e+04 -4.948025528824018693e+01
1.272825036956048280e+04 -4.967254760941159475e+01
1.280984171808330575e+04 -4.970089610552258819e+01
1.289143306660613052e+04 -4.962336552034048509e+01
1.297302441512895348e+04 -4.951434085584787681e+01
1.305461576365177825e+04 -4.945837260792995949e+01
1.313620711217460121e+04 -4.954605801042271196e+01
1.321779846069742416e+04 -4.987115181748959003e+01
1.329938980922024894e+04 -5.053526800770941918e+01
1.338098115774307189e+04 -5.165471557956061588e+01
1.346257250626589484e+04 -5.335236611444724986e+01
1.354416385478871962e+04 -5.572240103518106480e+01
1.362575520331154257e+04 -5.881697144494683016e+01
1.370734655183436553e+04 -6.267699050413921213e+01
1.378893790035719030e+04 -6.734262651873359573e+01
1.387052924888001326e+04 -7.283702106590590120e+01
1.395212059740283621e+04 -7.915339105012026266e+01
1.403371194592566098e+04 -8.626262439156016626e+01
1.411530329444848394e+04 -9.412337961497632932e+01
1.419689464297130871e+04 -1.026760027148529844e+02
1.427848599149413167e+04 -1.118213466471916036e+02
1.436007734001695462e+04 -1.214267255427430428e+02
1.444166868853977940e+04 -1.313461144907205380e+02
1.452326003706260235e+04 -1.414239889713280718e+02
1.460485138558542531e+04 -1.514940089782385257e+02
1.468644273410825008e+04 -1.613805676734491499e+02
1.476803408263107303e+04 -1.709039901550549985e+02
1.484962543115389599e+04 -1.798856974550253653e+02
1.493121677967672076e+04 -1.881421218067716836e+02
1.501280812819954372e+04 -1.954742392496409593e+02
1.509439947672236667e+04 -2.016810653524808004e+02
1.517599082524519144e+04 -2.065702936687102920e+02
1.525758217376801440e+04 -2.099618538686045213e+02
1.533917352229083917e+04 -2.116908489221259515e+02
1.542076487081366213e+04 -2.116049819636145912e+02
1.550235621933648508e+04 -2.095604094511318181e+02
1.558394756785930986e+04 -2.054200832233436813e+02
1.566553891638213281e+04 -1.990447086522308382e+02
1.574713026490495577e+04 -1.902940669536446876e+02
1.582872161342778054e+04 -1.790462443603155407e+02
1.591031296195060349e+04 -1.652021843643351531e+02
1.599190431047342645e+04 -1.486787784725083839e+02
1.607349565899625122e+04 -1.294007634038789547e+02
1.615508700751907418e+04 -1.072903635631109864e+02
1.623667835604189895e+04 -8.223293857634962478e+01
1.631826970456472191e+04 -5.411779108023529261e+01
1.639986105308754486e+04 -2.317666018950603757e+01
1.648145240161036782e+04 1.016858274652713590e+01
1.656304375013319077e+04 4.555205814835790079e+01
1.664463509865601736e+04 8.263849485782429838e+01
1.672622644717884032e+04 1.210955453654960365e+02
1.680781779570166327e+04 1.605754690541934906e+02
1.688940914422448623e+04 2.006911414896549104e+02
1.697100049274730918e+04 2.409747718434155104e+02
1.705259184127013577e+04 2.809911033374464751e+02
1.713418318979295873e+04 3.206008263526846349e+02
1.721577453831578168e+04 3.596692938184596642e+02
1.729736588683860464e+04 3.980106448203005129e+02
1.737895723536142759e+04 4.354419008360446242e+02
1.746054858388425055e+04 4.718087747691724871e+02
1.754213993240707714e+04 5.069856868333308739e+02
1.762373128092990009e+04 5.408576452641455035e+02
1.770532262945272305e+04 5.732913277506168015e+02
1.778691397797554600e+04 6.042326421010047852e+02
1.786850532649836896e+04 6.337370696630305247e+02
1.795009667502119555e+04 6.618440821469448565e+02
1.803168802354401851e+04 6.885960030029727932e+02
1.811327937206684146e+04 7.140505765846119175e+02
1.819487072058966442e+04 7.382861857127418261e+02
1.827646206911248737e+04 7.614056280787081050e+02
1.835805341763531032e+04 7.835446261965516896e+02
1.843964476615813692e+04 8.048846717052310851e+02
1.852123611468095987e+04 8.255291657980342279e+02
1.860282746320378283e+04 8.455756369239352352e+02
1.868441881172660578e+04 8.651498669980501290e+02
1.876601016024942874e+04 8.843762238540866747e+02
1.884760150877225533e+04 9.033627801881857522e+02
1.892919285729507828e+04 9.221984783586112826e+02
1.901078420581790124e+04 9.409638672728524398e+02
1.909237555434072419e+04 9.597627917154541137e+02
1.917396690286354715e+04 9.787102875566206421e+02
1.925555825138637010e+04 9.977558233715935785e+02
1.933714959990919670e+04 1.016887335555431491e+03
1.941874094843201965e+04 1.036085858998800177e+03
1.950033229695484260e+04 1.055285103907472148e+03
1.958192364547766556e+04 1.074357746563625369e+03
1.966351499400048851e+04 1.093142515790537800e+03
1.974510634252331147e+04 1.111517522509663650e+03
1.982669769104613806e+04 1.129666719587324224e+03
1.990828903956896102e+04 1.147268445858148880e+03
1.998988038809178397e+04 1.163386652669617433e+03
2.007147173661460693e+04 1.177433569183974214e+03
2.015306308513742988e+04 1.188935283774748314e+03
2.023465443366025647e+04 1.197508460668323096e+03
2.031624578218307943e+04 1.202852761490592457e+03
2.039783713070590238e+04 1.204714037005182945e+03
2.047942847922872534e+04 1.202774638227752803e+03
2.056101982775154829e+04 1.196488295981953343e+03
2.064261117627437125e+04 1.186359633596128333e+03
2.072420252479719784e+04 1.172999787376802487e+03
2.080579387332002079e+04 1.156831371264308473e+03
2.088738522184284375e+04 1.138257395845652354e+03
2.096897657036566670e+04 1.117701916113677726e+03
2.105056791888848966e+04 1.095624410504438856e+03
2.113215926741131625e+04 1.072530655421770462e+03
2.121375061593413920e+04 1.049038109113821520e+03
2.129534196445696216e+04 1.025679797116429654e+03
2.137693331297978511e+04 1.002477148163545280e+03
2.145852466150260807e+04 9.795139007288207722e+02
2.154011601002543102e+04 9.569064045319346405e+02
2.162170735854825762e+04 9.347365086937315937e+02
2.170329870707108057e+04 9.130289059825399818e+02
2.178489005559390353e+04 8.917490036406270519e+02
2.186648140411672648e+04 8.708072204769214295e+02
2.194807275263954944e+04 8.500615460200506277e+02
2.202966410116237603e+04 8.294061128270795962e+02
2.211125544968519898e+04 8.087704086370558798e+02
2.219284679820802194e+04 7.880480440604296746e+02
2.227443814673084489e+04 7.671238963433770550e+02
2.235602949525366785e+04 7.459068241513805333e+02
2.243762084377649080e+04 7.243419275195437876e+02
2.251921219229931739e+04 7.023859565122211279e+02
2.260080354082214035e+04 6.799617961555077272e+02
2.268239488934496330e+04 6.569832796660793974e+02
2.276398623786778626e+04 6.335218889216803291e+02
2.284557758639060921e+04 6.096839695730041058e+02
2.292716893491343217e+04 5.855300786083471394e+02
2.300876028343625876e+04 5.611047190730687362e+02
2.309035163195908171e+04 5.364572378620678137e+02
2.317194298048190467e+04 5.116453308599830052e+02
2.325353432900472762e+04 4.867240009151855702e+02
2.333512567752755058e+04 4.617350111010291585e+02
2.341671702605037717e+04 4.367287790537866385e+02
2.349830837457320013e+04 4.117849077359787771e+02
2.357989972309602308e+04 3.869802479435147688e+02
2.366149107161884604e+04 3.623810240476141189e+02
2.374308242014166899e+04 3.380409132216100261e+02
2.382467376866449194e+04 3.139973504311674333e+02
2.390626511718731854e+04 2.902811715616444417e+02
2.398785646571014149e+04 2.669338405865364621e+02
2.406944781423296445e+04 2.440048354924001615e+02
2.415103916275578740e+04 2.215075860885126531e+02
2.423263051127861036e+04 1.994247957373436293e+02
2.431422185980143695e+04 1.777488069886867379e+02
2.439581320832425990e+04 1.564826207357054955e+02
2.447740455684708286e+04 1.356289347095553239e+02
2.455899590536990581e+04 1.151841491347577175e+02
2.464058725389272877e+04 9.514162311841937480e+01
2.472217860241555172e+04 7.549600221321634308e+01
2.480376995093837832e+04 5.624160230411598604e+01
2.488536129946120127e+04 3.736791793099291681e+01
2.496695264798402422e+04 1.886161856791022728e+01
2.504854399650684718e+04 7.094268882819960709e-01
2.513013534502967013e+04 -1.709966632668147213e+01
2.521172669355249673e+04 -3.457039951241949893e+01
2.529331804207531968e+04 -5.170090269166303187e+01
2.537490939059814264e+04 -6.848642855294383480e+01
2.545650073912096559e+04 -8.492122511911111360e+01
2.553809208764378855e+04 -1.009985454980342183e+02
2.561968343616661150e+04 -1.167104118919942266e+02
2.570127478468943809e+04 -1.320475784331229079e+02
2.578286613321226105e+04 -1.469997222323800088e+02
2.586445748173508400e+04 -1.615546030423674893e+02
2.594604883025790696e+04 -1.756967222111134106e+02
2.602764017878072991e+04 -1.894085670276344899e+02
2.610923152730355650e+04 -2.026724216320308187e+02
2.619082287582637946e+04 -2.154701523037938387e+02
2.627241422434920241e+04 -2.277819555621890686e+02
2.635400557287202537e+04 -2.395862967797165766e+02
2.643559692139484832e+04 -2.508608005131436585e+02
2.651718826991767128e+04 -2.615830736427833472e+02
2.659877961844049787e+04 -2.717323518116018022e+02
2.668037096696332083e+04 -2.812902492549101225e+02
2.676196231548614378e+04 -2.902389295429802587e+02
2.684355366400896673e+04 -2.985604626676540647e+02
2.692514501253178969e+04 -3.062389204911896741e+02
2.700673636105461264e+04 -3.132624239410024529e+02
2.708832770957743924e+04 -3.196219418598293487e+02
2.716991905810026219e+04 -3.253092422708978120e+02
2.725151040662308515e+04 -3.303135097909153046e+02
2.733310175514590810e+04 -3.346134105550763707e+02
2.741469310366873106e+04 -3.381762383313780447e+02
2.749628445219155765e+04 -3.409640811911667697e+02
2.757787580071438060e+04 -3.429378386614771443e+02
2.765946714923720356e+04 -3.440616701487133469e+02
2.774105849776002651e+04 -3.442993532102327663e+02
2.782264984628284947e+04 -3.435977469479403226e+02
2.790424119480567242e+04 -3.418732104424880163e+02
2.798583254332849901e+04 -3.390594891718037616e+02
2.806742389185132197e+04 -3.352037616682036969e+02
2.814901524037414492e+04 -3.303998939266084562e+02
2.823060658889696788e+04 -3.247205718738496216e+02
2.831219793741979083e+04 -3.182323182833260944e+02
2.839378928594261743e+04 -3.110184274462581016e+02
2.847538063446544038e+04 -3.031792592812489602e+02
2.855697198298826333e+04 -2.948156454005720661e+02
2.863856333151108629e+04 -2.860173075844095365e+02
2.872015468003390924e+04 -2.768863683243625928e+02
2.880174602855673220e+04 -2.675566733381738231e+02
2.888333737707955879e+04 -2.581572631615708815e+02
2.896492872560238175e+04 -2.487985282268718947e+02
2.904652007412520470e+04 -2.395668843997273143e+02
2.912811142264802766e+04 -2.305224867542428910e+02
2.920970277117085061e+04 -2.217093465344751166e+02
2.929129411969367720e+04 -2.131705222736809446e+02
2.937288546821650016e+04 -2.049528009696923618e+02
2.945447681673932311e+04 -1.970715234790786781e+02
2.953606816526214607e+04 -1.895167076418783836e+02
2.961765951378496902e+04 -1.822844321291004235e+02
2.969925086230779198e+04 -1.753752763603642961e+02
2.978084221083061857e+04 -1.687916420682968237e+02
2.986243355935344152e+04 -1.625364489317744301e+02
2.994402490787626448e+04 -1.566119841429872395e+02
3.002561625639908743e+04 -1.510197575175116071e+02
3.010720760492191039e+04 -1.457591223902099955e+02
3.018879895344473334e+04 -1.408213067858750946e+02
3.027039030196755994e+04 -1.361952255691012397e+02
3.035198165049038289e+04 -1.318701505314602400e+02
3.043357299901320584e+04 -1.278352967781884217e+02
3.051516434753602880e+04 -1.240798929566699371e+02
3.059675569605885175e+04 -1.205935845897711260e+02
3.067834704458167835e+04 -1.173669446956228057e+02
3.075993839310450130e+04 -1.143921574337200582e+02
3.084152974162732426e+04 -1.116607286328780901e+02
3.092312109015014721e+04 -1.091611117585225657e+02
3.100471243867297017e+04 -1.068827865564626336e+02
3.108630378719579312e+04 -1.048157755467100287e+02
3.116789513571861971e+04 -1.029501558591946377e+02
3.124948648424144267e+04 -1.012757616217622854e+02
3.133107783276426562e+04 -9.978186399788773997e+01
3.141266918128708858e+04 -9.845667492881057115e+01
3.149426052980991153e+04 -9.728600019752047956e+01
3.157585187833273812e+04 -9.626133613820911705e+01
3.165744322685556108e+04 -9.537697291091717489e+01
3.173903457537838403e+04 -9.462532041327904153e+01
3.182062592390120699e+04 -9.399839775565578748e+01
3.190221727242402994e+04 -9.348820320732738764e+01
3.198380862094685290e+04 -9.308697543067228253e+01
3.206539996946967949e+04 -9.278756083407824917e+01
3.214699131799250245e+04 -9.258438507782193483e+01
3.222858266651532540e+04 -9.247425568884591485e+01
3.231017401503814835e+04 -9.244468725607384840e+01
3.239176536356097131e+04 -9.248540193503049522e+01
3.247335671208379790e+04 -9.258804672059704899e+01
3.255494806060662086e+04 -9.274539083578929421e+01
3.263653940912944381e+04 -9.295105347849312238e+01
3.271813075765226677e+04 -9.319905702096912137e+01
3.279972210617508972e+04 -9.348319833726964134e+01
3.288131345469791268e+04 -9.379564525615569437e+01
3.296290480322073563e+04 -9.412961600354174152e+01
3.304449615174355858e+04 -9.448237602697190596e+01
3.312608750026638154e+04 -9.484939573621068121e+01
3.320767884878921177e+04 -9.522639663031259261e+01
3.328927019731203472e+04 -9.561067443375668518e+01
3.337086154583485768e+04 -9.600189070929536683e+01
3.345245289435768063e+04 -9.640203719874261878e+01
3.353404424288050359e+04 -9.681543901396617002e+01
3.361563559140332654e+04 -9.725029945744608995e+01
3.369722693992614950e+04 -9.770438096890939050e+01
3.377881828844897245e+04 -9.817179393593323766e+01
3.386040963697179541e+04 -9.864984041754360078e+01
3.394200098549461836e+04 -9.913704833407427941e+01
3.402359233401744132e+04 -9.963302371619647602e+01
3.410518368254027155e+04 -1.001381854021637992e+02
3.418677503106309450e+04 -1.006528381705084030e+02
3.426836637958591746e+04 -1.011750763492236729e+02
3.434995772810874041e+04 -1.017025714838182466e+02
3.443154907663156337e+04 -1.022433121584635956e+02
3.451314042515438632e+04 -1.028037452454318554e+02
3.459473177367720928e+04 -1.033872912564838771e+02
3.467632312220003223e+04 -1.039953975413027365e+02
3.475791447072285519e+04 -1.046277839290814882e+02
3.483950581924567814e+04 -1.052830305144452723e+02
3.492109716776850109e+04 -1.059597056406710180e+02
3.500268851629133133e+04 -1.066576305994130962e+02
3.508427986481415428e+04 -1.073745680673091556e+02
3.516587121333697723e+04 -1.081050553069926536e+02
3.524746256185980019e+04 -1.088451164133184648e+02
3.532905391038262314e+04 -1.095917363072676380e+02
3.541064525890544610e+04 -1.103418857980650500e+02
3.549223660742826905e+04 -1.110918182961995626e+02
3.557382795595109201e+04 -1.118365927145823662e+02
3.565541930447391496e+04 -1.125694245350514393e+02
3.573701065299673792e+04 -1.132821675496379612e+02
3.581860200151956087e+04 -1.139702005334020214e+02
3.590019335004239110e+04 -1.146298592670827929e+02
3.598178469856521406e+04 -1.152554955757459538e+02
3.606337604708803701e+04 -1.158415902150463808e+02
3.614496739561085997e+04 -1.163855988653904205e+02
3.622655874413368292e+04 -1.168889032253937330e+02
3.630815009265650588e+04 -1.173551242254670797e+02
3.638974144117932883e+04 -1.177882570223009679e+02
3.647133278970215179e+04 -1.181917714733281173e+02
3.655292413822497474e+04 -1.185682846408381010e+02
3.663451548674779769e+04 -1.189196985021681030e+02
3.671610683527062065e+04 -1.192474227962084115e+02
3.679769818379345088e+04 -1.195530348256161233e+02
3.687928953231627384e+04 -1.198389621821806941e+02
3.696088088083909679e+04 -1.201075820541682333e+02
3.704247222936191974e+04 -1.203590380214936886e+02
3.712406357788474270e+04 -1.205915901195021434e+02
3.720565492640756565e+04 -1.208099404920394591e+02
3.728724627493038861e+04 -1.210263146156667062e+02
3.736883762345321156e+04 -1.212515954594491632e+02
3.745042897197603452e+04 -1.214931074956311932e+02
3.753202032049885747e+04 -1.217544295948664512e+02
3.761361166902168043e+04 -1.220355037325189187e+02
3.769520301754451066e+04 -1.223345316579907376e+02
3.777679436606733361e+04 -1.226501262475794647e+02
3.785838571459015657e+04 -1.229815388712504500e+02
3.793997706311297952e+04 -1.233274533022195101e+02
3.802156841163580248e+04 -1.236870927186209883e+02
3.810315976015862543e+04 -1.240615421408383554e+02
3.818475110868144839e+04 -1.244523809345937480e+02
3.826634245720427134e+04 -1.248583184890467237e+02
3.834793380572709430e+04 -1.252739636732330837e+02
3.842952515424991725e+04 -1.256920212661334517e+02
3.851111650277274020e+04 -1.261052199138885044e+02
3.859270785129556316e+04 -1.265082701311675919e+02
3.867429919981839339e+04 -1.268988471517914149e+02
3.875589054834121634e+04 -1.272756090926941397e+02
3.883748189686403930e+04 -1.276369478314172738e+02
3.891907324538686225e+04 -1.279814204191734461e+02
3.900066459390968521e+04 -1.283086404119640065e+02
3.908225594243250816e+04 -1.286197000199626927e+02
3.916384729095533112e+04 -1.289170884631275840e+02
3.924543863947815407e+04 -1.292034909608282760e+02
3.932702998800097703e+04 -1.294791130286612315e+02
3.940862133652379998e+04 -1.297417550952977763e+02
3.949021268504662294e+04 -1.299896031246680650e+02
3.957180403356945317e+04 -1.302221771247131983e+02
3.965339538209227612e+04 -1.304393653812421690e+02
3.973498673061509908e+04 -1.306401441718844580e+02
3.981657807913792203e+04 -1.308221667105881352e+02
3.989816942766074499e+04 -1.309821148681476188e+02
3.997976077618356794e+04 -1.311178888588201517e+02
4.006135212470639090e+04 -1.312310108960609796e+02
4.014294347322921385e+04 -1.313246958457493747e+02
4.022453482175203681e+04 -1.314005807859157358e+02
4.030612617027485976e+04 -1.314584143332340318e+02
4.038771751879768271e+04 -1.314989197916547710e+02
4.046930886732051295e+04 -1.315248066104322788e+02
4.055090021584333590e+04 -1.315385667022019334e+02
4.063249156436615885e+04 -1.315418330432185030e+02
4.071408291288898181e+04 -1.315356690288263053e+02
