0.000000000000000000e+00 1.919804357027733133e+01
2.318122174248899228e+02 1.908925741803309251e+01
4.636244348497798455e+02 1.899611032581058012e+01
6.954366522746697683e+02 1.891768488563483785e+01
9.272488696995596911e+02 1.885274577585262179e+01
1.159061087124449614e+03 1.879979498338148503e+01
1.390873304549339537e+03 1.875713761764467691e+01
1.622685521974229459e+03 1.872295562943612168e+01
1.854497739399119382e+03 1.869538624361616286e+01
2.086309956824009532e+03 1.867260157269808118e+01
2.318122174248899228e+03 1.865288572583710192e+01
2.549934391673788923e+03 1.863470577583156285e+01
2.781746609098679073e+03 1.861677319059658586e+01
3.013558826523569223e+03 1.859809275585251953e+01
3.245371043948458919e+03 1.857799658280934807e+01
3.477183261373348614e+03 1.855616147367627633e+01
3.708995478798238764e+03 1.853260867395469802e+01
3.940807696223128914e+03 1.850768584174335274e+01
4.172619913648019065e+03 1.848203188250450779e+01
4.404432131072908305e+03 1.845652610694081019e+01
4.636244348497798455e+03 1.843222394342561543e+01
4.868056565922688605e+03 1.841028214546445696e+01
5.099868783347577846e+03 1.839187704558164782e+01
5.331681000772467996e+03 1.837811988347182890e+01
5.563493218197358146e+03 1.836997354202311072e+01
5.795305435622248297e+03 1.836817512834440436e+01
6.027117653047138447e+03 1.837316871613947455e+01
6.258929870472027687e+03 1.838505221212862040e+01
6.490742087896917837e+03 1.840354173001499305e+01
6.722554305321807988e+03 1.842795607411781944e+01
6.954366522746697228e+03 1.845722298882330747e+01
7.186178740171587378e+03 1.848990776784118140e+01
7.417990957596477529e+03 1.852426369390919092e+01
7.649803175021367679e+03 1.855830265243677957e+01
7.881615392446257829e+03 1.858988318764725989e+01
8.113427609871147069e+03 1.861681229886106337e+01
8.345239827296038129e+03 1.863695645337326567e+01
8.577052044720927370e+03 1.864835665968564271e+01
8.808864262145816610e+03 1.864934203268517976e+01
9.040676479570707670e+03 1.863863611691441946e+01
9.272488696995596911e+03 1.861545033676725325e+01
9.504300914420486151e+03 1.857955932995067272e+01
9.736113131845377211e+03 1.853135360263632236e+01
9.967925349270266452e+03 1.847186591928372934e+01
1.019973756669515569e+04 1.840276908592095850e+01
1.043154978412004675e+04 1.832634425524036814e+01
1.066336200154493599e+04 1.824542049745404171e+01
1.089517421896982705e+04 1.816328803667589398e+01
1.112698643639471629e+04 1.808358912442031041e+01
1.135879865381960553e+04 1.801019188261096815e+01
1.159061087124449659e+04 1.794705348641704390e+01
1.182242308866938583e+04 1.789807969126409404e+01
1.205423530609427689e+04 1.786698789780934860e+01
1.228604752351916613e+04 1.785718069486041770e+01
1.251785974094405537e+04 1.787163616116005471e+01
1.274967195836894643e+04 1.791282020761161320e+01
1.298148417579383567e+04 1.798262498269463094e+01
1.321329639321872492e+04 1.808233593228987601e+01
1.344510861064361598e+04 1.821262858611370916e+01
1.367692082806850522e+04 1.837359461526671467e+01
1.390873304549339446e+04 1.856479523866519799e+01
1.414054526291828552e+04 1.878533870970149167e+01
1.437235748034317476e+04 1.903397743743955317e+01
1.460416969776806582e+04 1.930921932875958547e+01
1.483598191519295506e+04 1.960944721110862687e+01
1.506779413261784430e+04 1.993303973580604804e+01
1.529960635004273536e+04 2.027848699026291257e+01
1.553141856746762460e+04 2.064449418033603934e+01
1.576323078489251566e+04 2.103006719166553040e+01
1.599504300231740490e+04 2.143457460293010541e+01
1.622685521974229414e+04 2.185778179405496502e+01
1.645866743716718338e+04 2.229985414246657527e+01
1.669047965459207626e+04 2.276132788609837476e+01
1.692229187201696550e+04 2.324304898911660544e+01
1.715410408944185474e+04 2.374608219269495635e+01
1.738591630686674398e+04 2.427159427032840711e+01
1.761772852429163322e+04 2.482071722629263988e+01
1.784954074171652246e+04 2.539439866425844272e+01
1.808135295914141534e+04 2.599324770273053886e+01
1.831316517656630458e+04 2.661738553050528822e+01
1.854497739399119382e+04 2.726630990717430691e+01
1.877678961141608306e+04 2.793878258006712301e+01
1.900860182884097230e+04 2.863274770584065010e+01
1.924041404626586518e+04 2.934528796739435563e+01
1.947222626369075442e+04 3.007262323815361071e+01
1.970403848111564366e+04 3.081015447223411741e+01
1.993585069854053290e+04 3.155255312104072374e+01
2.016766291596542214e+04 3.229389393851464263e+01
2.039947513339031138e+04 3.302782668433145830e+01
2.063128735081520426e+04 3.374778010348894242e+01
2.086309956824009350e+04 3.444718977005629768e+01
2.109491178566498274e+04 3.511974002531276540e+01
2.132672400308987199e+04 3.575960937985610855e+01
2.155853622051476123e+04 3.636170841865870074e+01
2.179034843793965410e+04 3.692189945098802895e+01
2.202216065536454335e+04 3.743718786013128152e+01
2.225397287278943259e+04 3.790587628437895518e+01
2.248578509021432183e+04 3.832767433530194978e+01
2.271759730763921107e+04 3.870375845143605886e+01
2.294940952506410395e+04 3.903677860234596864e+01
2.318122174248899319e+04 3.933081079719599416e+01
2.341303395991388243e+04 3.959125660407855207e+01
2.364484617733877167e+04 3.982469304007096156e+01
2.387665839476366091e+04 4.003867814120452806e+01
2.410847061218855379e+04 4.024151917508594778e+01
2.434028282961344303e+04 4.044201175047667363e+01
2.457209504703833227e+04 4.064915897434529057e+01
2.480390726446322151e+04 4.087188031088772533e+01
2.503571948188811075e+04 4.111871994638542560e+01
2.526753169931299999e+04 4.139756432272930908e+01
2.549934391673789287e+04 4.171537814827103574e+01
2.573115613416278211e+04 4.207796770057179003e+01
2.596296835158767135e+04 4.248977965083084030e+01
2.619478056901256059e+04 4.295374297110914341e+01
2.642659278643744983e+04 4.347116068465675909e+01
2.665840500386234271e+04 4.404165718293120335e+01
2.689021722128723195e+04 4.466318541835154576e+01
2.712202943871212119e+04 4.533209634622740936e+01
2.735384165613701043e+04 4.604327043934633679e+01
2.758565387356189967e+04 4.679030794528659243e+01
2.781746609098678891e+04 4.756577095408867706e+01
2.804927830841168179e+04 4.836146659940337145e+01
2.828109052583657103e+04 4.916875725716790413e+01
2.851290274326146027e+04 4.997888091101383168e+01
2.874471496068634951e+04 5.078326335995324570e+01
2.897652717811123875e+04 5.157380395515371418e+01
2.920833939553613163e+04 5.234311817255852617e+01
2.944015161296102087e+04 5.308472343779784808e+01
2.967196383038591011e+04 5.379315890213744922e+01
2.990377604781079935e+04 5.446403487118616482e+01
3.013558826523568860e+04 5.509401280683754010e+01
3.036740048266058147e+04 5.568072177742124040e+01
3.059921270008547071e+04 5.622262152231038357e+01
3.083102491751035996e+04 5.671882563448674119e+01
3.106283713493524920e+04 5.716890056725816294e+01
3.129464935236013844e+04 5.757265715752838275e+01
3.152646156978503132e+04 5.792995113076119651e+01
3.175827378720992056e+04 5.824050769107772396e+01
3.199008600463480980e+04 5.850378295362790482e+01
3.222189822205969904e+04 5.871887185883717564e+01
3.245371043948458828e+04 5.888446858035261755e+01
3.268552265690947752e+04 5.899888158356122148e+01
3.291733487433436676e+04 5.906010168323633280e+01
3.314914709175925964e+04 5.906591792327085244e+01
3.338095930918415252e+04 5.901407303909618918e+01
3.361277152660903812e+04 5.890244778583778640e+01
3.384458374403393100e+04 5.872926159460596551e+01
3.407639596145881660e+04 5.849327589483353051e+01
3.430820817888370948e+04 5.819398603524069813e+01
3.454002039630859508e+04 5.783178806678760964e+01
3.477183261373348796e+04 5.740810772933340900e+01
3.500364483115838084e+04 5.692548080606160710e+01
3.523545704858326644e+04 5.638757654107890005e+01
3.546726926600815932e+04 5.579915897212369202e+01
3.569908148343304492e+04 5.516598466763131370e+01
3.593089370085793780e+04 5.449463927038917888e+01
3.616270591828283068e+04 5.379231918660534006e+01
3.639451813570771628e+04 5.306656844575477550e+01
3.662633035313260916e+04 5.232498392817510080e+01
3.685814257055749476e+04 5.157490458570293157e+01
3.708995478798238764e+04 5.082310179266955430e+01
3.732176700540728052e+04 5.007548845079506350e+01
3.755357922283216612e+04 4.933686388583433313e+01
3.778539144025705900e+04 4.861070992977179372e+01
3.801720365768194461e+04 4.789905095015538450e+01
3.824901587510683748e+04 4.720238709426931933e+01
3.848082809253173036e+04 4.651970584371727568e+01
3.871264030995661597e+04 4.584857236375548695e+01
3.894445252738150884e+04 4.518529436885543049e+01
3.917626474480639445e+04 4.452515263190623784e+01
3.940807696223128733e+04 4.386268416862449016e+01
3.963988917965618020e+04 4.319200184012241550e+01
3.987170139708106581e+04 4.250713189265669456e+01
4.010351361450595869e+04 4.180234997299592692e+01
4.033532583193084429e+04 4.107249650116357031e+01
4.056713804935573717e+04 4.031325392373613425e+01
4.079895026678062277e+04 3.952137118138514182e+01
4.103076248420551565e+04 3.869482448495362092e+01
4.126257470163040853e+04 3.783290791592551727e+01
4.149438691905529413e+04 3.693625211405625919e+01
4.172619913648018701e+04 3.600677402915333403e+01
4.195801135390507261e+04 3.504756503988625127e+01
4.218982357132996549e+04 3.406272835192923765e+01
4.242163578875485837e+04 3.305717920735663995e+01
4.265344800617974397e+04 3.203642287685601531e+01
4.288526022360463685e+04 3.100632558479089695e+01
4.311707244102952245e+04 2.997289247928418021e+01
4.334888465845441533e+04 2.894206467722118958e+01
4.358069687587930821e+04 2.791954456724209876e+01
4.381250909330419381e+04 2.691065529134723988e+01
4.404432131072908669e+04 2.592023701466202468e+01
4.427613352815397229e+04 2.495257956514880249e+01
4.450794574557886517e+04 2.401138853461307576e+01
4.473975796300375805e+04 2.309978013047460976e+01
4.497157018042864365e+04 2.222029899914206297e+01
4.520338239785353653e+04 2.137495285923667510e+01
4.543519461527842213e+04 2.056525797381224407e+01
4.566700683270331501e+04 1.979229010780973752e+01
4.589881905012820789e+04 1.905673650623360160e+01
4.613063126755309349e+04 1.835894544997419686e+01
